MutagenObjectType: PlacedObject
FormKey: 000DEC:VenworksEncountersOverhaul.esm
Base: 012382:Starfield.esm
Scale: 1.17
Position: 2.2165122, 55.74237, -3.1352654
Rotation: -0.08233598, 0.23338427, 3.7573876
