MutagenObjectType: PlacedObject
FormKey: 000DFE:VenworksEncountersOverhaul.esm
Base: 0C70B2:Starfield.esm
Position: -15.101527, 61.363556, -2.1135607
Rotation: -0.77814144, 0.49429524, 4.712389
