MutagenObjectType: PlacedObject
FormKey: 000DE1:VenworksEncountersOverhaul.esm
Base: 012381:Starfield.esm
Scale: 1.17
Position: -22.776278, 82.83095, -8.594097
Rotation: 0.089299366, 0.072792634, 3.5897589
