MutagenObjectType: PlacedObject
FormKey: 000DED:VenworksEncountersOverhaul.esm
Base: 012381:Starfield.esm
Scale: 1.04
Position: 0.040614128, 54.618866, -3.8491266
Rotation: -0.24279055, 0.16778857, 4.312988
