MutagenObjectType: PlacedObject
FormKey: 000DE2:VenworksEncountersOverhaul.esm
Base: 012381:Starfield.esm
Scale: 0.98999995
Position: -15.153011, 80.619675, -8.788995
Rotation: -0.06578577, -0.04237014, 0.47060403
