MutagenObjectType: PlacedObject
FormKey: 000DE4:VenworksEncountersOverhaul.esm
Base: 012382:Starfield.esm
Scale: 1.1
Position: -16.001833, 70.668015, -8.49383
Rotation: 0.015013977, 0.08244117, 5.6564474
