MutagenObjectType: PlacedObject
FormKey: 000DDD:VenworksEncountersOverhaul.esm
Base: 012383:Starfield.esm
Scale: 1.29
Position: -33.226803, 95.52832, -8.833076
Rotation: -0.104508184, -0.016768483, 6.2729754
