MutagenObjectType: PlacedObject
FormKey: 000DE9:VenworksEncountersOverhaul.esm
Base: 012382:Starfield.esm
Scale: 1.0799999
Position: -15.497174, 56.44513, -8.209011
Rotation: 0.048814528, 0.39087313, 4.2766356
