MutagenObjectType: PlacedObject
FormKey: 000DE7:VenworksEncountersOverhaul.esm
Base: 012383:Starfield.esm
Scale: 1.27
Position: -26.361681, 58.916534, -8.648428
Rotation: 0.15628979, 0.0047485447, 0.09797741
