MutagenObjectType: PlacedObject
FormKey: 000DE0:VenworksEncountersOverhaul.esm
Base: 012383:Starfield.esm
Scale: 1.01
Position: -20.347038, 91.27938, -7.596059
Rotation: 0.03689251, -0.014832559, 1.4386299
