MutagenObjectType: PlacedObject
FormKey: 000DE5:VenworksEncountersOverhaul.esm
Base: 012383:Starfield.esm
Scale: 1.24
Position: -23.785366, 65.07388, -8.395443
Rotation: -0.02627995, -0.12080674, 3.6635356
