MutagenObjectType: PlacedObject
FormKey: 000E82:VenworksEncountersOverhaul.esm
Base: 2F0639:Starfield.esm
Layer: 2355E0:Starfield.esm
Position: -42.505413, 73.92996, -9.046979
Rotation: -0.04675398, -0.049725838, 2.5344932
