MutagenObjectType: PlacedObject
FormKey: 000EEB:VenworksEncountersOverhaul.esm
Base: 029B37:Starfield.esm
SourcePackIn: 20B234:Starfield.esm
Layer: 2355E0:Starfield.esm
Position: 16.89422, 61.789963, 7.211637
Rotation: -2.7030325, 0.40952307, 4.297762
