MutagenObjectType: PlacedObject
FormKey: 000EA5:VenworksEncountersOverhaul.esm
Base: 224975:Starfield.esm
Layer: 2355E0:Starfield.esm
Position: -19.853533, 57.71918, -8.679178
Rotation: -1.8255157E-08, -3.7005048E-09, 5.012389
