MutagenObjectType: PlacedObject
FormKey: 000E2C:VenworksEncountersOverhaul.esm
Base: 06F73F:Starfield.esm
Layer: 2355E0:Starfield.esm
Position: -45.09053, 57.495953, 2.1179807
Rotation: 1.0626249, -0.25770745, 3.1982486
