MutagenObjectType: PlacedObject
FormKey: 000EDC:VenworksEncountersOverhaul.esm
Base: 029B2B:Starfield.esm
SourcePackIn: 20B234:Starfield.esm
Layer: 2355E0:Starfield.esm
Position: 12.372516, 57.041927, 4.9307227
Rotation: 0.3923942, -0.31631777, 3.3869338
