MutagenObjectType: PlacedObject
FormKey: 000EF1:VenworksEncountersOverhaul.esm
Base: 029B3D:Starfield.esm
SourcePackIn: 20B234:Starfield.esm
Layer: 2355E0:Starfield.esm
Position: 15.9566765, 50.161736, 4.0416045
Rotation: 2.6855152, 1.2547144, 0.6372126
