MutagenObjectType: PlacedObject
FormKey: 000E18:VenworksEncountersOverhaul.esm
Base: 169F5D:Starfield.esm
Position: -17.840183, 61.286175, -5.516815
Rotation: -0, 0, 4.1887903
