MutagenObjectType: PlacedObject
FormKey: 000ED9:VenworksEncountersOverhaul.esm
Base: 029B3B:Starfield.esm
SourcePackIn: 20B234:Starfield.esm
Layer: 2355E0:Starfield.esm
Scale: 1.0799999
Position: 12.275905, 50.847507, 4.3490577
Rotation: 1.7373302, 0.5394484, 5.6460514
