MutagenObjectType: PlacedObject
FormKey: 000E00:VenworksEncountersOverhaul.esm
Base: 2DDDF0:Starfield.esm
Position: -29.816557, 73.75041, -3.9096496
Rotation: 0.027511002, 0.04599365, 0.0012652014
