MutagenObjectType: PlacedObject
FormKey: 000E23:VenworksEncountersOverhaul.esm
Base: 06F73F:Starfield.esm
Layer: 2355E0:Starfield.esm
Position: -19.870436, 85.77615, 6.723778
Rotation: -2.1646268, -1.1389095, 3.1812687
