MutagenObjectType: PlacedObject
FormKey: 000EDF:VenworksEncountersOverhaul.esm
Base: 01D597:Starfield.esm
SourcePackIn: 20B234:Starfield.esm
Layer: 2355E0:Starfield.esm
Scale: 0.93
Position: 12.999499, 54.427822, -1.5706507
Rotation: 3.1146061, -0.051999018, 5.7123713
