MutagenObjectType: PlacedObject
FormKey: 000E20:VenworksEncountersOverhaul.esm
Base: 012383:Starfield.esm
Layer: 2355E0:Starfield.esm
Scale: 0.87
Position: 7.8138475, 53.177746, -1.711892
Rotation: 0.008253823, -0.05177089, 6.282758
