MutagenObjectType: PlacedObject
FormKey: 000E9C:VenworksEncountersOverhaul.esm
Base: 01236F:Starfield.esm
Layer: 2355E0:Starfield.esm
Scale: 1.3199999
Position: -4.4933424, 53.84061, -5.114075
Rotation: -0.25072435, 0.3200126, 4.86098
