MutagenObjectType: PlacedObject
FormKey: 000EC4:VenworksEncountersOverhaul.esm
Base: 161B66:Starfield.esm
Position: -30.327034, 86.93238, -8.822033
Rotation: 0, -0, 5.6331854
