MutagenObjectType: PlacedObject
FormKey: 000E5F:VenworksEncountersOverhaul.esm
Base: 222F82:Starfield.esm
Position: -46.330605, 93.73087, -8.6852255
Rotation: -0.11600565, -0.86667454, 0.118583605
