MutagenObjectType: PlacedObject
FormKey: 000EF0:VenworksEncountersOverhaul.esm
Base: 029B37:Starfield.esm
SourcePackIn: 20B234:Starfield.esm
Layer: 2355E0:Starfield.esm
Position: 17.521671, 47.627525, 7.6668754
Rotation: 2.5961523, -0.38753664, 1.8264902
