MutagenObjectType: PlacedObject
FormKey: 000E52:VenworksEncountersOverhaul.esm
Base: 097804:Starfield.esm
Position: -7.3341646, 52.73884, -6.145354
Rotation: 0, -0, 1.5000001
