MutagenObjectType: PlacedObject
FormKey: 000E31:VenworksEncountersOverhaul.esm
Base: 06F3A6:Starfield.esm
Layer: 2355E0:Starfield.esm
Position: -28.147314, 102.146645, -8.936941
Rotation: -0.0379532, -0.053283423, 0.45202208
