MutagenObjectType: PlacedObject
FormKey: 000E21:VenworksEncountersOverhaul.esm
Base: 06F73F:Starfield.esm
Layer: 2355E0:Starfield.esm
Position: -32.94893, 66.16714, 2.5433269
Rotation: -1.2124535, 1.426974, 3.5304055
