MutagenObjectType: PlacedObject
FormKey: 000E01:VenworksEncountersOverhaul.esm
Base: 0C70B2:Starfield.esm
Position: -29.790743, 69.94286, -3.6978176
Rotation: -0.026130008, -0.044359148, 0.0011589858
