MutagenObjectType: PlacedObject
FormKey: 000E54:VenworksEncountersOverhaul.esm
Base: 097804:Starfield.esm
Position: 7.0692234, 56.373657, -1.8914307
Rotation: 0, -0, 3.9731853
