MutagenObjectType: PlacedObject
FormKey: 000EE5:VenworksEncountersOverhaul.esm
Base: 029B33:Starfield.esm
SourcePackIn: 20B234:Starfield.esm
Layer: 2355E0:Starfield.esm
Scale: 1.01
Position: 10.048615, 46.652485, -1.1399312
Rotation: -1.8846024, -0.33092955, 4.8926387
