MutagenObjectType: PlacedObject
FormKey: 000E84:VenworksEncountersOverhaul.esm
Base: 01236F:Starfield.esm
Layer: 2355E0:Starfield.esm
Scale: 1.31
Position: -29.748123, 65.96211, -9.016566
Rotation: 3.9812218E-08, -2.701543E-08, 0.12920341
