MutagenObjectType: PlacedObject
FormKey: 000E5E:VenworksEncountersOverhaul.esm
Base: 222F82:Starfield.esm
Position: -26.4137, 101.65261, -8.947462
Rotation: -0.6900001, -0, 2.34
