MutagenObjectType: PlacedObject
FormKey: 000E0B:VenworksEncountersOverhaul.esm
Base: 2DDDF0:Starfield.esm
Position: -37.608, 53.954357, -6.4787974
Rotation: 1.5127451, -0.49840623, 0.027773885
