MutagenObjectType: PlacedObject
FormKey: 000EDE:VenworksEncountersOverhaul.esm
Base: 029B33:Starfield.esm
SourcePackIn: 20B234:Starfield.esm
Layer: 2355E0:Starfield.esm
Scale: 1.14
Position: 13.964187, 50.752354, 10.232515
Rotation: 2.464024, -1.0376843, 4.624529
