MutagenObjectType: PlacedObject
FormKey: 000E8C:VenworksEncountersOverhaul.esm
Base: 2C196C:Starfield.esm
Layer: 2355E0:Starfield.esm
Position: -14.045657, 74.4068, 3.4392679
Rotation: -1.5707965, 7.823104E-08, 0
