MutagenObjectType: PlacedObject
FormKey: 000E05:VenworksEncountersOverhaul.esm
Base: 2DDDF0:Starfield.esm
Position: -22.194538, 100.46938, -2.8867803
Rotation: -1.2302024, -0.75992393, 4.5621495
