MutagenObjectType: PlacedObject
FormKey: 000EAA:VenworksEncountersOverhaul.esm
Base: 06F76B:Starfield.esm
Layer: 2355E0:Starfield.esm
Position: 2.6970859, 58.625183, 1.0586948
Rotation: 0, 0.2617994, 6.021386
