MutagenObjectType: PlacedObject
FormKey: 000E60:VenworksEncountersOverhaul.esm
Base: 222F82:Starfield.esm
Position: -14.036812, 60.702362, -4.700178
Rotation: 2.3549488, 0.008282779, 6.2706795
