MutagenObjectType: PlacedObject
FormKey: 000E97:VenworksEncountersOverhaul.esm
Base: 06F3A6:Starfield.esm
Layer: 2355E0:Starfield.esm
Scale: 1.0699999
Position: -31.486584, 76.481255, -8.967333
Rotation: 0.15067475, 0.0863174, 4.0087814
