MutagenObjectType: PlacedObject
FormKey: 000E7B:VenworksEncountersOverhaul.esm
Base: 06F39E:Starfield.esm
Layer: 2355E0:Starfield.esm
Position: -20.861092, 79.78683, -8.850984
Rotation: -0.1614418, 0.14060512, 4.712389
