MutagenObjectType: PlacedObject
FormKey: 000EF6:VenworksEncountersOverhaul.esm
Base: 224975:Starfield.esm
Layer: 2355E0:Starfield.esm
Position: -20.527191, 65.905556, -8.568159
Rotation: 3.3200915E-09, -1.8328157E-08, 3.462389
