MutagenObjectType: PlacedObject
FormKey: 000E2D:VenworksEncountersOverhaul.esm
Base: 06F73E:Starfield.esm
Layer: 2355E0:Starfield.esm
Position: -40.78193, 57.580933, 3.1923037
Rotation: -3.0434184, 0.75238234, 1.4799085
