MutagenObjectType: PlacedObject
FormKey: 000E77:VenworksEncountersOverhaul.esm
Base: 097804:Starfield.esm
Position: -18.889498, 60.788986, -4.6112094
Rotation: 0, -0, 2.25
