MutagenObjectType: PlacedObject
FormKey: 000EDD:VenworksEncountersOverhaul.esm
Base: 029B3D:Starfield.esm
SourcePackIn: 20B234:Starfield.esm
Layer: 2355E0:Starfield.esm
Position: 14.7753725, 59.47479, 5.4759803
Rotation: 0.6074198, 0.7178942, 0.02308685
