MutagenObjectType: PlacedObject
FormKey: 000E75:VenworksEncountersOverhaul.esm
Base: 097804:Starfield.esm
Position: -27.551893, 73.863495, -4.650456
Rotation: 0, -0, 1.575
