MutagenObjectType: PlacedObject
FormKey: 000EBE:VenworksEncountersOverhaul.esm
Base: 097804:Starfield.esm
Position: -32.993637, 60.90603, -8.977082
Rotation: 0, -0, 5.5331855
