MutagenObjectType: PlacedObject
FormKey: 000EC3:VenworksEncountersOverhaul.esm
Base: 161B66:Starfield.esm
Position: -31.80164, 72.334885, -8.931099
Rotation: 0, -0, 5.6331854
