MutagenObjectType: PlacedObject
FormKey: 000E85:VenworksEncountersOverhaul.esm
Base: 013D95:Starfield.esm
Layer: 2355E0:Starfield.esm
Scale: 1.0699999
Position: -31.77606, 66.298676, -8.908088
Rotation: -0.04695701, 0.0071191946, 1.6123886
