MutagenObjectType: PlacedObject
FormKey: 000EE3:VenworksEncountersOverhaul.esm
Base: 01D597:Starfield.esm
SourcePackIn: 20B234:Starfield.esm
Layer: 2355E0:Starfield.esm
Scale: 1.0699999
Position: 15.734887, 56.168713, -2.8150487
Rotation: 3.0808132, -0.081129305, 1.7189568
