MutagenObjectType: PlacedObject
FormKey: 000E09:VenworksEncountersOverhaul.esm
Base: 0C70B2:Starfield.esm
Position: -31.131859, 88.34148, -5.9593563
Rotation: 0.5425415, 1.2957181, 0.5257526
