MutagenObjectType: PlacedObject
FormKey: 000E7A:VenworksEncountersOverhaul.esm
Base: 29AAF1:Starfield.esm
Primitive:
  Bounds: 21.650589, 33.46144, 15.634502
  Color: '#00004080'
  Unknown: 0.3
  Type: Box
Position: -39.881393, 58.589287, -3.5
Rotation: 0, 0, 3.1679933
