MutagenObjectType: PlacedObject
FormKey: 000EED:VenworksEncountersOverhaul.esm
Base: 029B2D:Starfield.esm
SourcePackIn: 20B234:Starfield.esm
Layer: 2355E0:Starfield.esm
Position: 18.023354, 60.433365, 1.677156
Rotation: 1.6241955, 0.20848764, 1.6276526
