MutagenObjectType: PlacedObject
FormKey: 000E1B:VenworksEncountersOverhaul.esm
Base: 211462:Starfield.esm
Layer: 2355E0:Starfield.esm
Scale: 0.9
Position: -23.90556, 67.1732, -8.309129
Rotation: -0.09731998, -0.043014344, 4.086445
