MutagenObjectType: PlacedObject
FormKey: 000EEF:VenworksEncountersOverhaul.esm
Base: 029B2D:Starfield.esm
SourcePackIn: 20B234:Starfield.esm
Layer: 2355E0:Starfield.esm
Position: 17.880882, 49.86295, 2.7405791
Rotation: 1.697729, -0.07642722, 1.2593986
