MutagenObjectType: PlacedObject
FormKey: 000EE7:VenworksEncountersOverhaul.esm
Base: 029B27:Starfield.esm
SourcePackIn: 20B234:Starfield.esm
Layer: 2355E0:Starfield.esm
Scale: 1.14
Position: 15.155054, 54.853947, 9.962847
Rotation: -2.9735587, 0.26484498, 3.56224
