MutagenObjectType: PlacedObject
FormKey: 000E08:VenworksEncountersOverhaul.esm
Base: 2DDDF0:Starfield.esm
Position: -29.768429, 87.27569, -3.9972966
Rotation: -1.3905832, -0.16204938, 4.712389
