MutagenObjectType: PlacedObject
FormKey: 000E1C:VenworksEncountersOverhaul.esm
Base: 211462:Starfield.esm
Layer: 2355E0:Starfield.esm
Scale: 0.9
Position: -21.994345, 69.09174, -8.2486
Rotation: 0.056911826, 0.027740955, 0.83053845
