MutagenObjectType: PlacedObject
FormKey: 000E1D:VenworksEncountersOverhaul.esm
Base: 211462:Starfield.esm
Layer: 2355E0:Starfield.esm
Scale: 0.9
Position: -21.037138, 66.9421, -8.484275
Rotation: -0.15147203, -0.18511994, 2.4280868
