MutagenObjectType: PlacedObject
FormKey: 000E53:VenworksEncountersOverhaul.esm
Base: 097804:Starfield.esm
Position: -2.0780602, 51.70149, -4.5427346
Rotation: 0, -0, 4.7981853
