MutagenObjectType: PlacedObject
FormKey: 000EC5:VenworksEncountersOverhaul.esm
Base: 161B66:Starfield.esm
Position: -34.00693, 83.29421, -8.830219
Rotation: 0, -0, 5.1331854
