MutagenObjectType: PlacedObject
FormKey: 000EAB:VenworksEncountersOverhaul.esm
Base: 06F770:Starfield.esm
Layer: 2355E0:Starfield.esm
Position: 14.620659, 50.329372, 1.1477776
Rotation: 0, 0.2617994, 6.021386
