MutagenObjectType: PlacedObject
FormKey: 000EC7:VenworksEncountersOverhaul.esm
Base: 161B66:Starfield.esm
Position: -32.802986, 100.3221, -9.010117
Rotation: 0, -0, 5.3861856
