MutagenObjectType: PlacedObject
FormKey: 000EC2:VenworksEncountersOverhaul.esm
Base: 161B66:Starfield.esm
Position: -28.706547, 68.6644, -8.903555
Rotation: 0, -0, 5.6331854
