MutagenObjectType: PlacedObject
FormKey: 000E5D:VenworksEncountersOverhaul.esm
Base: 222F82:Starfield.esm
Position: -43.887474, 73.85753, -8.278608
Rotation: 0.84162086, -0.37996572, 0.4465213
