MutagenObjectType: PlacedObject
FormKey: 000E7E:VenworksEncountersOverhaul.esm
Base: 01236F:Starfield.esm
Layer: 2355E0:Starfield.esm
Scale: 1.31
Position: -42.087868, 70.832985, -9.0174885
Rotation: 0, -0, 0.8123889
