MutagenObjectType: PlacedObject
FormKey: 000F0C:VenworksEncountersOverhaul.esm
Base: 06F73F:Starfield.esm
Layer: 2355E0:Starfield.esm
Position: -31.18725, 55.240826, -0.18496275
Rotation: 0.8615527, -0.31028876, 0.25478333
