MutagenObjectType: PlacedObject
FormKey: 000F57:VenworksEncountersOverhaul.esm
Base: 2F0639:Starfield.esm
Layer: 2355E0:Starfield.esm
Position: -23.501915, 100.425, -9.363044
Rotation: 0, -0, 0.82920355
