MutagenObjectType: PlacedObject
FormKey: 000F8E:VenworksEncountersOverhaul.esm
Base: 012383:Starfield.esm
Layer: 2355E0:Starfield.esm
Scale: 0.98999995
Position: -4.6296525, 53.14085, -5.3053045
Rotation: -0.2627904, 0.31302226, 6.2005453
