MutagenObjectType: PlacedObject
FormKey: 000FB0:VenworksEncountersOverhaul.esm
Base: 012382:Starfield.esm
Layer: 2355E0:Starfield.esm
Scale: 1.06
Position: -41.784542, 76.30989, -8.494229
Rotation: -0.27410418, -0.17844625, 2.6045017
