MutagenObjectType: PlacedObject
FormKey: 000F08:VenworksEncountersOverhaul.esm
Base: 2F063A:Starfield.esm
Layer: 2355E0:Starfield.esm
Position: 6.2815795, 52.34534, -2.655435
Rotation: 0.037816714, 0.27799484, 0.6383141
