MutagenObjectType: PlacedObject
FormKey: 000FAE:VenworksEncountersOverhaul.esm
Base: 012383:Starfield.esm
Layer: 2355E0:Starfield.esm
Scale: 1.0799999
Position: -41.783592, 75.33231, -8.562543
Rotation: -0.07472157, -0.10628719, 1.510903
