MutagenObjectType: PlacedObject
FormKey: 000F64:VenworksEncountersOverhaul.esm
Base: 2BFED6:Starfield.esm
Layer: 2355E0:Starfield.esm
Position: -1.6582813, 55.249855, 5.410623
Rotation: -1.5707964, -0, 6.021386
