MutagenObjectType: PlacedObject
FormKey: 000FD0:VenworksEncountersOverhaul.esm
Base: 06F76D:Starfield.esm
Layer: 2355E0:Starfield.esm
Position: -12.806646, 83.69219, 2.8424037
Rotation: -0.38922116, 0.24161889, 0.2884358
