MutagenObjectType: PlacedObject
FormKey: 000F6C:VenworksEncountersOverhaul.esm
Base: 06F3A0:Starfield.esm
Layer: 2355E0:Starfield.esm
Scale: 0.71999997
Position: -15.649129, 63.188705, -5.3908386
Rotation: 0, -0, 0.35000008
