MutagenObjectType: PlacedObject
FormKey: 000F87:VenworksEncountersOverhaul.esm
Base: 211462:Starfield.esm
Layer: 2355E0:Starfield.esm
Position: 10.160717, 56.6696, -1.017165
Rotation: -0.110102735, 0.24677731, 2.5061877
