MutagenObjectType: PlacedObject
FormKey: 000FA4:VenworksEncountersOverhaul.esm
Base: 012383:Starfield.esm
Layer: 2355E0:Starfield.esm
Scale: 0.71
Position: -38.810394, 68.68347, -8.912412
Rotation: 0.037900005, -0.08466546, 4.5501394
