MutagenObjectType: PlacedObject
FormKey: 000F94:VenworksEncountersOverhaul.esm
Base: 012382:Starfield.esm
Layer: 2355E0:Starfield.esm
Scale: 0.93
Position: -14.531534, 54.469032, -7.866164
Rotation: 0.02330843, 0.22761618, 5.3590045
