MutagenObjectType: PlacedObject
FormKey: 000FC1:VenworksEncountersOverhaul.esm
Base: 211462:Starfield.esm
Layer: 2355E0:Starfield.esm
Position: -21.801617, 84.355515, -8.739032
Rotation: 0.1565846, 0.24200033, 3.8686843
