MutagenObjectType: PlacedObject
FormKey: 000F44:VenworksEncountersOverhaul.esm
Base: 06F73F:Starfield.esm
Layer: 2355E0:Starfield.esm
Scale: 0.32
Position: -33.890404, 80.54607, -9.071987
Rotation: 1.0355916, 0.38446784, 3.0488248
