MutagenObjectType: PlacedObject
FormKey: 000F37:VenworksEncountersOverhaul.esm
Base: 2F0639:Starfield.esm
Layer: 2355E0:Starfield.esm
Scale: 1.0699999
Position: -30.47024, 56.675255, -8.694406
Rotation: 0.11783963, 0.09302634, 5.6178803
