MutagenObjectType: PlacedObject
FormKey: 000FBA:VenworksEncountersOverhaul.esm
Base: 012382:Starfield.esm
Layer: 2355E0:Starfield.esm
Scale: 1.13
Position: -20.104261, 89.89698, -7.754616
Rotation: -0.10231628, -0.022513064, 4.712389
