MutagenObjectType: PlacedObject
FormKey: 000F1E:VenworksEncountersOverhaul.esm
Base: 29CABF:Starfield.esm
Layer: 2355E0:Starfield.esm
Scale: 0.76
Position: -10.767004, 64.94613, -3.0176332
Rotation: 0.07901956, 0.24985063, 0.048129037
