MutagenObjectType: PlacedObject
FormKey: 000FDC:VenworksEncountersOverhaul.esm
Base: 0132D2:Starfield.esm
Layer: 2355E0:Starfield.esm
Scale: 0.9
Position: -35.837635, 87.366295, -9.057043
Rotation: 0.24016523, 0.5516379, 0.12763599
