MutagenObjectType: PlacedObject
FormKey: 000F97:VenworksEncountersOverhaul.esm
Base: 211462:Starfield.esm
Layer: 2355E0:Starfield.esm
Scale: 0.89
Position: -15.229594, 57.94365, -8.0099945
Rotation: -0.06759051, 0.37527794, 3.0835152
