MutagenObjectType: PlacedObject
FormKey: 000F9F:VenworksEncountersOverhaul.esm
Base: 012382:Starfield.esm
Layer: 2355E0:Starfield.esm
Scale: 1.22
Position: -38.683205, 55.457005, -8.867704
Rotation: 0.14443052, -0.08236099, 4.712389
