MutagenObjectType: PlacedObject
FormKey: 000F35:VenworksEncountersOverhaul.esm
Base: 2F063A:Starfield.esm
Layer: 2355E0:Starfield.esm
Scale: 1.0699999
Position: -43.037003, 55.884167, -9.477766
Rotation: 0, -0, 3.862389
