MutagenObjectType: PlacedObject
FormKey: 000F19:VenworksEncountersOverhaul.esm
Base: 06F73C:Starfield.esm
Layer: 2355E0:Starfield.esm
Position: -6.33846, 58.813004, 2.6118827
Rotation: -2.3227856, 0.42638835, 2.7145643
