MutagenObjectType: PlacedObject
FormKey: 000F83:VenworksEncountersOverhaul.esm
Base: 2F063A:Starfield.esm
Layer: 2355E0:Starfield.esm
Position: 10.350728, 57.55522, -1.0248249
Rotation: -0.5116718, 0.14679769, 4.712389
