MutagenObjectType: PlacedObject
FormKey: 000F86:VenworksEncountersOverhaul.esm
Base: 012381:Starfield.esm
Layer: 2355E0:Starfield.esm
Scale: 1.09
Position: 4.938109, 53.37242, -2.9681227
Rotation: -0.12774065, 0.23433737, 6.2533717
