MutagenObjectType: PlacedObject
FormKey: 000F01:VenworksEncountersOverhaul.esm
Base: 06F3A6:Starfield.esm
Layer: 2355E0:Starfield.esm
Position: -16.658772, 53.33018, -7.9111724
Rotation: 0.26143172, 0.03812776, 3.7508662
