MutagenObjectType: PlacedObject
FormKey: 000F79:VenworksEncountersOverhaul.esm
Base: 2F063A:Starfield.esm
Layer: 2355E0:Starfield.esm
Position: -4.5657654, 51.515907, -5.4974546
Rotation: -0.014625484, 0.18110049, 6.034608
