MutagenObjectType: PlacedObject
FormKey: 000FAF:VenworksEncountersOverhaul.esm
Base: 012381:Starfield.esm
Layer: 2355E0:Starfield.esm
Scale: 1.1
Position: -41.700138, 76.86073, -8.386819
Rotation: -0.1464814, -0.17558463, 1.2439929
