MutagenObjectType: PlacedObject
FormKey: 000F66:VenworksEncountersOverhaul.esm
Base: 06F39E:Starfield.esm
Layer: 2355E0:Starfield.esm
Position: -2.526065, 50.404377, -4.44567
Rotation: 0.56141, 0.030965673, 4.712389
