MutagenObjectType: PlacedObject
FormKey: 000F59:VenworksEncountersOverhaul.esm
Base: 2F063A:Starfield.esm
Layer: 2355E0:Starfield.esm
Position: -15.640129, 96.72208, -5.4689784
Rotation: -0.3256715, 0.18611819, 6.170689
