MutagenObjectType: PlacedObject
FormKey: 000F60:VenworksEncountersOverhaul.esm
Base: 06F39D:Starfield.esm
Layer: 2355E0:Starfield.esm
Position: -33.187683, 73.40351, -8.518802
Rotation: 0.15313222, 0.18195981, 1.7779204
