MutagenObjectType: PlacedObject
FormKey: 000FCE:VenworksEncountersOverhaul.esm
Base: 012382:Starfield.esm
Layer: 2355E0:Starfield.esm
Scale: 1.0799999
Position: -16.783905, 61.019108, -4.7463884
Rotation: 0.17183626, -0.08621077, 4.590885
