MutagenObjectType: PlacedObject
FormKey: 000F54:VenworksEncountersOverhaul.esm
Base: 06F39D:Starfield.esm
Layer: 2355E0:Starfield.esm
Position: -18.307138, 95.85783, -7.7068777
Rotation: 0.09475545, 0.23562019, 1.1337459
