MutagenObjectType: PlacedObject
FormKey: 000F61:VenworksEncountersOverhaul.esm
Base: 06F39D:Starfield.esm
Layer: 2355E0:Starfield.esm
Position: -44.426117, 76.10957, -7.774243
Rotation: -0.2221498, -0.28461537, 5.182678
