MutagenObjectType: PlacedObject
FormKey: 000F88:VenworksEncountersOverhaul.esm
Base: 012383:Starfield.esm
Layer: 2355E0:Starfield.esm
Scale: 0.87
Position: 10.054915, 56.54195, -0.99549913
Rotation: -0.09856079, 0.2501981, 6.2587085
