MutagenObjectType: PlacedObject
FormKey: 000FC2:VenworksEncountersOverhaul.esm
Base: 012383:Starfield.esm
Layer: 2355E0:Starfield.esm
Scale: 1.0699999
Position: -21.71888, 83.888756, -8.600743
Rotation: -0.121806405, -0.08770407, 2.3912401
