MutagenObjectType: PlacedObject
FormKey: 000F55:VenworksEncountersOverhaul.esm
Base: 2F0639:Starfield.esm
Layer: 2355E0:Starfield.esm
Position: -19.626379, 84.93526, -8.681085
Rotation: 0.12346907, 0.09147966, 1.4502267
