MutagenObjectType: PlacedObject
FormKey: 000F56:VenworksEncountersOverhaul.esm
Base: 06F39D:Starfield.esm
Layer: 2355E0:Starfield.esm
Position: -30.253876, 99.96421, -8.856703
Rotation: -1.2493415E-09, -0.19999978, 5.162389
