MutagenObjectType: PlacedObject
FormKey: 000FC3:VenworksEncountersOverhaul.esm
Base: 012382:Starfield.esm
Layer: 2355E0:Starfield.esm
Scale: 1.05
Position: -29.314177, 83.1706, -8.558039
Rotation: -0.07055041, -0.039417908, 5.3546715
