MutagenObjectType: PlacedObject
FormKey: 000F16:VenworksEncountersOverhaul.esm
Base: 2C4F9A:Starfield.esm
Layer: 2355E0:Starfield.esm
Scale: 1.11
Position: -13.033634, 102.09723, -1.5006797
Rotation: 2.3035302, 0.5698688, 2.988562
