MutagenObjectType: PlacedObject
FormKey: 000FAB:VenworksEncountersOverhaul.esm
Base: 012381:Starfield.esm
Layer: 2355E0:Starfield.esm
Scale: 1.18
Position: -40.498363, 79.57952, -8.366577
Rotation: -0.14435844, 0.06422074, 3.846745
