MutagenObjectType: PlacedObject
FormKey: 000F02:VenworksEncountersOverhaul.esm
Base: 06F3A7:Starfield.esm
Layer: 2355E0:Starfield.esm
Position: -20.83696, 56.257896, -8.513187
Rotation: 0.04702924, 0.015326565, 3.92265
