MutagenObjectType: PlacedObject
FormKey: 000F7E:VenworksEncountersOverhaul.esm
Base: 06F3A5:Starfield.esm
Layer: 2355E0:Starfield.esm
Scale: 1.0699999
Position: -26.797852, 68.37009, -8.97457
Rotation: 0, -0, 5.1123886
