MutagenObjectType: PlacedObject
FormKey: 000F95:VenworksEncountersOverhaul.esm
Base: 012382:Starfield.esm
Layer: 2355E0:Starfield.esm
Scale: 0.88
Position: -14.464916, 58.16056, -7.656164
Rotation: -0.072856404, 0.3151643, 3.133718
