MutagenObjectType: PlacedObject
FormKey: 000FC0:VenworksEncountersOverhaul.esm
Base: 211462:Starfield.esm
Layer: 2355E0:Starfield.esm
Position: -16.475418, 82.35488, -8.467564
Rotation: -0.14061376, -0.24854955, 0.06300391
