MutagenObjectType: PlacedObject
FormKey: 000F14:VenworksEncountersOverhaul.esm
Base: 2C4F9A:Starfield.esm
Layer: 2355E0:Starfield.esm
Scale: 1.11
Position: -14.662547, 95.31125, -7.770631
Rotation: 1.9689312, 0.2519693, 2.7009861
