MutagenObjectType: PlacedObject
FormKey: 000F4D:VenworksEncountersOverhaul.esm
Base: 24F0F6:Starfield.esm
Layer: 2355E0:Starfield.esm
Position: -31.187483, 85.49807, -7.4202805
Rotation: -0.3855784, -0.015620243, 1.9460394
