MutagenObjectType: PlacedObject
FormKey: 000F8F:VenworksEncountersOverhaul.esm
Base: 012382:Starfield.esm
Layer: 2355E0:Starfield.esm
Scale: 0.93
Position: -6.676529, 57.081314, -4.643388
Rotation: -0.24619502, 0.3249601, 6.089882
