MutagenObjectType: PlacedObject
FormKey: 000FA2:VenworksEncountersOverhaul.esm
Base: 211462:Starfield.esm
Layer: 2355E0:Starfield.esm
Position: -38.332436, 69.66646, -8.890943
Rotation: 0, -0, 4.5331855
