MutagenObjectType: PlacedObject
FormKey: 000F09:VenworksEncountersOverhaul.esm
Base: 06F73E:Starfield.esm
Layer: 2355E0:Starfield.esm
Position: -18.592028, 54.326492, 0.22606212
Rotation: 0.6491184, 0.13470078, 3.921571
