MutagenObjectType: PlacedObject
FormKey: 000F45:VenworksEncountersOverhaul.esm
Base: 06F73F:Starfield.esm
Layer: 2355E0:Starfield.esm
Scale: 0.32
Position: -29.586016, 85.081314, -8.987135
Rotation: 0.7162115, 0.5488316, 6.007972
