MutagenObjectType: PlacedObject
FormKey: 000F21:VenworksEncountersOverhaul.esm
Base: 06F76E:Starfield.esm
Layer: 2355E0:Starfield.esm
Position: -47.701397, 101.72172, -5.4888487
Rotation: 0, -0, 2.4831834
