MutagenObjectType: PlacedObject
FormKey: 000FC9:VenworksEncountersOverhaul.esm
Base: 012381:Starfield.esm
Layer: 2355E0:Starfield.esm
Scale: 1.17
Position: -18.716953, 67.908676, -8.505352
Rotation: -0.13110463, 0.13188672, 1.3374894
