MutagenObjectType: PlacedObject
FormKey: 000FB2:VenworksEncountersOverhaul.esm
Base: 211462:Starfield.esm
Layer: 2355E0:Starfield.esm
Position: -42.49772, 99.441124, -8.749495
Rotation: -0.13329202, 0.04269826, 3.2123895
