MutagenObjectType: PlacedObject
FormKey: 000FA7:VenworksEncountersOverhaul.esm
Base: 012382:Starfield.esm
Layer: 2355E0:Starfield.esm
Scale: 0.87
Position: -34.917828, 79.08716, -8.865559
Rotation: -0.09039326, 0.021140361, 5.8907404
