MutagenObjectType: PlacedObject
FormKey: 000F99:VenworksEncountersOverhaul.esm
Base: 012382:Starfield.esm
Layer: 2355E0:Starfield.esm
Scale: 0.88
Position: -19.157135, 55.957546, -8.40519
Rotation: 0.008552032, -0.008466721, 5.7123885
