MutagenObjectType: PlacedObject
FormKey: 000F12:VenworksEncountersOverhaul.esm
Base: 224975:Starfield.esm
Layer: 2355E0:Starfield.esm
Scale: 1.05
Position: -32.121597, 77.88749, -8.959814
Rotation: 3.3201148E-09, -1.83282E-08, 1.2792034
