MutagenObjectType: PlacedObject
FormKey: 000FD7:VenworksEncountersOverhaul.esm
Base: 012381:Starfield.esm
Layer: 2355E0:Starfield.esm
Scale: 1.22
Position: -31.69612, 75.92583, -8.574855
Rotation: 0.03856314, -0.037192002, 5.95062
