MutagenObjectType: PlacedObject
FormKey: 000F36:VenworksEncountersOverhaul.esm
Base: 2F063A:Starfield.esm
Layer: 2355E0:Starfield.esm
Scale: 1.0699999
Position: -40.011517, 54.48758, -8.931138
Rotation: 0.10028022, -0.013359437, 1.079204
