MutagenObjectType: PlacedObject
FormKey: 000F9C:VenworksEncountersOverhaul.esm
Base: 211462:Starfield.esm
Layer: 2355E0:Starfield.esm
Position: -27.967384, 58.774136, -8.506174
Rotation: 0.16150394, -0.18575466, 6.1031065
