MutagenObjectType: PlacedObject
FormKey: 000F0E:VenworksEncountersOverhaul.esm
Base: 06F734:Starfield.esm
Layer: 2355E0:Starfield.esm
Position: -43.752537, 68.9095, 1.8280618
Rotation: -0.3094475, -0.9546633, 2.0472922
