MutagenObjectType: PlacedObject
FormKey: 000F81:VenworksEncountersOverhaul.esm
Base: 06F3A6:Starfield.esm
Layer: 2355E0:Starfield.esm
Scale: 1.0699999
Position: -19.49826, 88.076996, -8.147339
Rotation: -0.032270215, 0.17666517, 6.2297072
