MutagenObjectType: PlacedObject
FormKey: 000F6F:VenworksEncountersOverhaul.esm
Base: 06F39E:Starfield.esm
Layer: 2355E0:Starfield.esm
Position: -18.456581, 64.01605, -8.44083
Rotation: 0.034820154, 0.10137076, 6.2765803
