MutagenObjectType: PlacedObject
FormKey: 000F4A:VenworksEncountersOverhaul.esm
Base: 06F39D:Starfield.esm
Layer: 2355E0:Starfield.esm
Scale: 0.90999997
Position: -29.204157, 88.91971, -9.048897
Rotation: 0.0030126628, 0.05368142, 3.8145218
