MutagenObjectType: PlacedObject
FormKey: 000F93:VenworksEncountersOverhaul.esm
Base: 012381:Starfield.esm
Layer: 2355E0:Starfield.esm
Scale: 1.1999999
Position: -13.042361, 54.63219, -7.4548035
Rotation: -0.09142601, 0.28651646, 1.2740961
