MutagenObjectType: PlacedObject
FormKey: 000FD5:VenworksEncountersOverhaul.esm
Base: 012383:Starfield.esm
Layer: 2355E0:Starfield.esm
Scale: 1.04
Position: -28.085955, 75.88382, -8.714953
Rotation: -0.028879995, 0.19657646, 6.2775435
