MutagenObjectType: PlacedObject
FormKey: 000F92:VenworksEncountersOverhaul.esm
Base: 012381:Starfield.esm
Layer: 2355E0:Starfield.esm
Scale: 0.78
Position: -9.689289, 52.121284, -6.4749594
Rotation: -0, -0, 6.114431
