MutagenObjectType: PlacedObject
FormKey: 000F13:VenworksEncountersOverhaul.esm
Base: 2C4F9A:Starfield.esm
Layer: 2355E0:Starfield.esm
Position: -33.07118, 101.11862, -10.720384
Rotation: -2.2024097, -0.0484977, 1.347199
