MutagenObjectType: PlacedObject
FormKey: 000F27:VenworksEncountersOverhaul.esm
Base: 06F73D:Starfield.esm
Layer: 2355E0:Starfield.esm
Position: -16.241346, 86.25978, -9.603925
Rotation: 2.40781, 0.14651999, 3.2682297
