MutagenObjectType: PlacedObject
FormKey: 000FAD:VenworksEncountersOverhaul.esm
Base: 012381:Starfield.esm
Layer: 2355E0:Starfield.esm
Position: -41.01928, 76.355804, -8.585526
Rotation: -0.07815166, -0.103991404, 1.721376
