MutagenObjectType: PlacedObject
FormKey: 000F05:VenworksEncountersOverhaul.esm
Base: 012366:Starfield.esm
Layer: 2355E0:Starfield.esm
Position: -14.595166, 59.37678, -7.554288
Rotation: -0.22798122, 0.32578003, 6.2090726
