MutagenObjectType: PlacedObject
FormKey: 000FBD:VenworksEncountersOverhaul.esm
Base: 012381:Starfield.esm
Layer: 2355E0:Starfield.esm
Scale: 0.79999995
Position: -21.423271, 83.909134, -8.585199
Rotation: 0.22355565, 0.17927426, 3.9371328
