MutagenObjectType: PlacedObject
FormKey: 000F8A:VenworksEncountersOverhaul.esm
Base: 012381:Starfield.esm
Layer: 2355E0:Starfield.esm
Scale: 0.90999997
Position: 1.1140885, 51.143677, -4.1093717
Rotation: -0.10871837, 0.22757843, 6.258565
