MutagenObjectType: PlacedObject
FormKey: 000FBE:VenworksEncountersOverhaul.esm
Base: 012382:Starfield.esm
Layer: 2355E0:Starfield.esm
Scale: 0.74
Position: -20.184223, 82.646515, -8.121175
Rotation: 0.07802028, 0.25410977, 4.409501
