MutagenObjectType: PlacedObject
FormKey: 000F06:VenworksEncountersOverhaul.esm
Base: 06F3A7:Starfield.esm
Layer: 2355E0:Starfield.esm
Position: 12.3911295, 53.59578, -1.4735197
Rotation: 0.09818226, 0.019011656, 2.950934
