MutagenObjectType: PlacedObject
FormKey: 000F28:VenworksEncountersOverhaul.esm
Base: 06F3A7:Starfield.esm
Layer: 2355E0:Starfield.esm
Position: -14.890694, 84.28438, -8.5986395
Rotation: -0.041898247, -0.13393116, 6.1895347
