MutagenObjectType: PlacedObject
FormKey: 000F7D:VenworksEncountersOverhaul.esm
Base: 2F0639:Starfield.esm
Layer: 2355E0:Starfield.esm
Scale: 1.0699999
Position: -34.54542, 70.588684, -8.922572
Rotation: 0, -0, 2.3792033
