MutagenObjectType: PlacedObject
FormKey: 000F6E:VenworksEncountersOverhaul.esm
Base: 2F0639:Starfield.esm
Layer: 2355E0:Starfield.esm
Position: -34.974, 54.014473, -8.754871
Rotation: 0.21780041, 0.085400976, 6.154622
