MutagenObjectType: PlacedObject
FormKey: 000F2A:VenworksEncountersOverhaul.esm
Base: 06F3A6:Starfield.esm
Layer: 2355E0:Starfield.esm
Position: -31.295794, 97.417336, -8.961609
Rotation: 0.012364281, -0.048328064, 0.09921693
