MutagenObjectType: PlacedObject
FormKey: 000F1C:VenworksEncountersOverhaul.esm
Base: 06F73E:Starfield.esm
Layer: 2355E0:Starfield.esm
Position: -6.6752725, 63.077904, -5.0424557
Rotation: 0.33541232, -0.6838758, 0.6321896
