MutagenObjectType: PlacedObject
FormKey: 000FD2:VenworksEncountersOverhaul.esm
Base: 06F76D:Starfield.esm
Layer: 2355E0:Starfield.esm
Position: -19.903906, 101.22244, 2.8424137
Rotation: -0.66336185, 0.05027371, 0.0055445647
