MutagenObjectType: PlacedObject
FormKey: 000F1F:VenworksEncountersOverhaul.esm
Base: 06F3A6:Starfield.esm
Layer: 2355E0:Starfield.esm
Scale: 0.9
Position: -6.0399547, 58.43709, -4.562444
Rotation: -0.065061025, 0.2757423, 5.9013033
