MutagenObjectType: PlacedObject
FormKey: 000F47:VenworksEncountersOverhaul.esm
Base: 06F734:Starfield.esm
Layer: 2355E0:Starfield.esm
Scale: 0.32
Position: -32.804195, 87.72941, -8.87646
Rotation: -1.0324268, -0.38634068, 5.9447803
