MutagenObjectType: PlacedObject
FormKey: 000F3E:VenworksEncountersOverhaul.esm
Base: 06F39D:Starfield.esm
Layer: 2355E0:Starfield.esm
Position: -36.413624, 101.43993, -8.369761
Rotation: -0.049875204, -0.039728098, 4.712389
