MutagenObjectType: PlacedObject
FormKey: 000FD1:VenworksEncountersOverhaul.esm
Base: 06F76D:Starfield.esm
Layer: 2355E0:Starfield.esm
Position: -13.011167, 91.82375, 2.8423924
Rotation: 0.032320414, -0.029350733, 1.6631368
