MutagenObjectType: PlacedObject
FormKey: 000F3C:VenworksEncountersOverhaul.esm
Base: 2C4F9A:Starfield.esm
Layer: 2355E0:Starfield.esm
Position: -49.575436, 102.29716, -7.0445848
Rotation: 2.046209, -0.40305844, 4.7634907
