MutagenObjectType: PlacedObject
FormKey: 000F90:VenworksEncountersOverhaul.esm
Base: 012381:Starfield.esm
Layer: 2355E0:Starfield.esm
Scale: 0.75
Position: -7.870179, 58.938217, -4.942045
Rotation: 0.1504121, 0.37792295, 5.547055
