MutagenObjectType: PlacedObject
FormKey: 000F53:VenworksEncountersOverhaul.esm
Base: 06F39D:Starfield.esm
Layer: 2355E0:Starfield.esm
Position: -42.05335, 86.351654, -8.76401
Rotation: 0.002890673, -0.019776663, 4.0836453
