MutagenObjectType: PlacedObject
FormKey: 000F2F:VenworksEncountersOverhaul.esm
Base: 06F39E:Starfield.esm
Layer: 2355E0:Starfield.esm
Position: -17.870968, 82.65023, -8.43115
Rotation: -0.25535643, -0.2665746, 0.5648898
