MutagenObjectType: PlacedObject
FormKey: 000F6D:VenworksEncountersOverhaul.esm
Base: 06F39E:Starfield.esm
Layer: 2355E0:Starfield.esm
Position: -24.4121, 57.13549, -8.403485
Rotation: 0.17774922, 0.0030618163, 5.255487
