MutagenObjectType: PlacedObject
FormKey: 000F71:VenworksEncountersOverhaul.esm
Base: 06F734:Starfield.esm
Layer: 2355E0:Starfield.esm
Scale: 0.48
Position: -26.113455, 58.734768, 0.029857516
Rotation: 0.64836794, 0.4907604, 2.9513483
