MutagenObjectType: PlacedObject
FormKey: 000F85:VenworksEncountersOverhaul.esm
Base: 012383:Starfield.esm
Layer: 2355E0:Starfield.esm
Position: 5.8584332, 54.177887, -2.5737853
Rotation: -0.21259104, 0.31225175, 6.216978
