MutagenObjectType: PlacedObject
FormKey: 000FCD:VenworksEncountersOverhaul.esm
Base: 012383:Starfield.esm
Layer: 2355E0:Starfield.esm
Scale: 0.85999995
Position: -16.811758, 62.244347, -4.7372794
Rotation: 0.04149919, 0.05254663, 1.9821328
