MutagenObjectType: PlacedObject
FormKey: 000F9A:VenworksEncountersOverhaul.esm
Base: 012382:Starfield.esm
Layer: 2355E0:Starfield.esm
Scale: 0.74
Position: -19.600363, 57.3575, -8.581203
Rotation: 0.080419496, -0.0675089, 4.712389
