MutagenObjectType: PlacedObject
FormKey: 000F48:VenworksEncountersOverhaul.esm
Base: 06F73E:Starfield.esm
Layer: 2355E0:Starfield.esm
Scale: 0.32
Position: -35.582733, 82.560936, -8.965652
Rotation: 1.3985926, -0.9737297, 0.66378915
