MutagenObjectType: PlacedObject
FormKey: 000FC6:VenworksEncountersOverhaul.esm
Base: 012382:Starfield.esm
Layer: 2355E0:Starfield.esm
Scale: 0.98999995
Position: -29.547104, 82.1629, -8.554354
Rotation: -0.044377565, 0.023051668, 4.712389
