MutagenObjectType: PlacedObject
FormKey: 000F84:VenworksEncountersOverhaul.esm
Base: 2F0639:Starfield.esm
Layer: 2355E0:Starfield.esm
Position: 7.615239, 58.6241, -1.7118522
Rotation: -0.07051708, 0.26777932, 5.414499
