MutagenObjectType: PlacedObject
FormKey: 000F2B:VenworksEncountersOverhaul.esm
Base: 06F3A6:Starfield.esm
Layer: 2355E0:Starfield.esm
Position: -21.204517, 97.70167, -8.584683
Rotation: 0.06072509, 0.28691524, 3.852627
