MutagenObjectType: PlacedObject
FormKey: 000FA1:VenworksEncountersOverhaul.esm
Base: 012382:Starfield.esm
Layer: 2355E0:Starfield.esm
Scale: 0.95
Position: -37.740215, 70.58474, -8.837557
Rotation: 0.055618424, -0.026913278, 4.712389
