MutagenObjectType: PlacedObject
FormKey: 00105C:VenpiCaveOverhaul.esm
Base: 06F73E:Starfield.esm
Scale: 0.84999996
Position: 63.27884, 31.281765, 3.3999996
Rotation: 0, 0, 0.2617994
