MutagenObjectType: PlacedObject
FormKey: 0010D9:VenpiCaveOverhaul.esm
Base: 019059:Starfield.esm
Scale: 1.3299999
Position: 60.450172, 35.295578, -0.7545576
Rotation: 0.6934901, -0.21591601, 2.2485917
