MutagenObjectType: PlacedObject
FormKey: 00102A:VenpiCaveOverhaul.esm
Base: 20748B:Starfield.esm
Layer: 2B3CB6:Starfield.esm
Position: 39.3881, 62.264217, -1.187422
Rotation: -0.029987091, -0.16831571, 2.1050248
