MutagenObjectType: PlacedObject
FormKey: 0010C6:VenpiCaveOverhaul.esm
Base: 266E67:Starfield.esm
Scale: 1.1999999
Position: 55.072937, 37.581673, -0.87151366
Rotation: 2.502373, -0.095270015, 1.0856493
