MutagenObjectType: PlacedObject
FormKey: 00105D:VenpiCaveOverhaul.esm
Base: 29CAAD:Starfield.esm
Scale: 0.96
Position: 60.6, 36, -0.39999962
Rotation: 0.023606364, -0.29909772, 1.4908376
