MutagenObjectType: PlacedObject
FormKey: 0010F0:VenpiCaveOverhaul.esm
Base: 029A5A:Starfield.esm
Scale: 1.12
Position: 56.415417, 55.651314, -1.6271138
Rotation: -2.410489, 0.2652587, 5.301556
