MutagenObjectType: PlacedObject
FormKey: 0010C8:VenpiCaveOverhaul.esm
Base: 266E67:Starfield.esm
Scale: 1.1999999
Position: 53.01939, 35.53189, -0.95738137
Rotation: 1.74921, -1.3298392, 0.80673504
