MutagenObjectType: PlacedObject
FormKey: 0010E9:VenpiCaveOverhaul.esm
Base: 266E64:Starfield.esm
Scale: 1.1
Position: 51.688732, 50.560413, -1.3363733
Rotation: -2.523898, 0.0832058, 0.7228092
