MutagenObjectType: PlacedObject
FormKey: 001033:VenpiCaveOverhaul.esm
Base: 17E002:Starfield.esm
Layer: 2B3CB6:Starfield.esm
Position: 72.6517, 46.68566, -7.352735
Rotation: 0, 0, 0.20222369
