MutagenObjectType: PlacedObject
FormKey: 0010F7:VenpiCaveOverhaul.esm
Base: 019048:Starfield.esm
Position: 52.546165, 51.634377, -1.8066747
Rotation: -2.4453423, 0.05839401, 1.8871994
