MutagenObjectType: PlacedObject
FormKey: 001096:VenpiCaveOverhaul.esm
Base: 06F39F:Starfield.esm
Scale: 1.1999999
Position: 57.93309, 59.426273, 6.247266
Rotation: 0, -0, 3.9000003
