MutagenObjectType: PlacedObject
FormKey: 0010FA:VenpiCaveOverhaul.esm
Base: 266E66:Starfield.esm
Scale: 0.82
Position: 47.49048, 60.389526, -2.064206
Rotation: -2.8303537, -0.095836736, 5.011098
