MutagenObjectType: PlacedObject
FormKey: 0010E7:VenpiCaveOverhaul.esm
Base: 266E66:Starfield.esm
Scale: 0.89
Position: 52.388687, 55.71032, -1.4017001
Rotation: 0.7311673, -1.1806039, 1.6501257
