MutagenObjectType: PlacedObject
FormKey: 0010E0:VenpiCaveOverhaul.esm
Base: 266E66:Starfield.esm
Scale: 1.05
Position: 54.968216, 48.867523, -1.4839991
Rotation: 0.9189701, -1.2958819, 1.0779259
