MutagenObjectType: PlacedObject
FormKey: 0010EA:VenpiCaveOverhaul.esm
Base: 266E67:Starfield.esm
Scale: 0.97999996
Position: 57.111988, 56.021706, -1.679846
Rotation: 2.9563637, 1.0499023, 4.500636
