MutagenObjectType: PlacedObject
FormKey: 0010A2:VenpiCaveOverhaul.esm
Base: 28B5E9:Starfield.esm
Scale: 0.78
Position: 54.897766, 44.905937, -0.30029798
Rotation: 0, -0, 0.90000004
