MutagenObjectType: PlacedObject
FormKey: 001023:VenpiCaveOverhaul.esm
Base: 226AF7:Starfield.esm
Primitive:
  Bounds: 49.860176, 41.3467, 6.3197107
  Color: '#00004080'
  Unknown: 0.3
  Type: Box
Layer: 2B3CB6:Starfield.esm
Position: 36.932495, 44.650597, 2.8032784
