MutagenObjectType: PlacedObject
FormKey: 001090:VenpiCaveOverhaul.esm
Base: 06F3A0:Starfield.esm
Scale: 1.62
Position: 61.151794, 39.922333, 5.9958005
Rotation: 0, -0, 4.8
