MutagenObjectType: PlacedObject
FormKey: 0010A9:VenpiCaveOverhaul.esm
Base: 06F39F:Starfield.esm
Scale: 1.5
Position: 33.604607, 43.78817, 6.5999994
Rotation: 0.07332185, -0.18624234, 1.1931493
