MutagenObjectType: PlacedObject
FormKey: 0010F6:VenpiCaveOverhaul.esm
Base: 02EC69:Starfield.esm
Scale: 0.96
Position: 57.88011, 53.7678, -2.4763293
Rotation: -0.92894006, -0.40979043, 2.9838357
