MutagenObjectType: PlacedObject
FormKey: 00102B:VenpiCaveOverhaul.esm
Base: 20748C:Starfield.esm
Layer: 2B3CB6:Starfield.esm
Position: 34.56477, 32.544525, 2.1742022
Rotation: 0, -0, 1.511221
