MutagenObjectType: PlacedObject
FormKey: 001084:VenpiCaveOverhaul.esm
Base: 29CAAC:Starfield.esm
Scale: 1.1
Position: 29.79605, 34.679794, 1.6
Rotation: 0.111624524, -0.27904367, 1.184308
