MutagenObjectType: PlacedObject
FormKey: 001029:VenpiCaveOverhaul.esm
Base: 20748B:Starfield.esm
Layer: 2B3CB6:Starfield.esm
Position: 31.023064, 35.795803, 1.8383484
Rotation: 0, -0, 1.2575514
