MutagenObjectType: PlacedObject
FormKey: 001097:VenpiCaveOverhaul.esm
Base: 06F39F:Starfield.esm
Scale: 1.5
Position: 60.796616, 52.18887, 6.247267
Rotation: 0, -0, 3.1000001
