MutagenObjectType: PlacedObject
FormKey: 001094:VenpiCaveOverhaul.esm
Base: 06F3A0:Starfield.esm
Scale: 1.6899999
Position: 26.830612, 40.5304, 7.0999994
Rotation: 0, -0, 0.19999994
