MutagenObjectType: PlacedObject
FormKey: 001093:VenpiCaveOverhaul.esm
Base: 06F39F:Starfield.esm
Scale: 1.5
Position: 30.036617, 33.56322, 6.8999996
Rotation: 0, -0, 5.2831855
