MutagenObjectType: PlacedObject
FormKey: 001077:VenpiCaveOverhaul.esm
Base: 06F734:Starfield.esm
Scale: 0.58
Position: 30.842867, 47.39782, 0.77711886
