MutagenObjectType: PlacedObject
FormKey: 00106B:VenpiCaveOverhaul.esm
Base: 29CAAD:Starfield.esm
Scale: 1.1
Position: 51.2, 66.3, 1.1999998
Rotation: 0.29630864, -0.047624845, 0.15468958
