MutagenObjectType: PlacedObject
FormKey: 0010F3:VenpiCaveOverhaul.esm
Base: 266E64:Starfield.esm
Scale: 0.83
Position: 55.570137, 51.78893, -1.9209111
Rotation: 1.9023885, -0.23771776, 5.891734
