MutagenObjectType: PlacedObject
FormKey: 0010A4:VenpiCaveOverhaul.esm
Base: 06F39F:Starfield.esm
Scale: 1.5899999
Position: 50.96479, 35.61281, 6.2472653
Rotation: 0, -0, 5.6000004
