MutagenObjectType: PlacedObject
FormKey: 001091:VenpiCaveOverhaul.esm
Base: 06F39F:Starfield.esm
Scale: 1.5
Position: 59.3237, 36.044956, 6.0724907
Rotation: 0, -0, 0.19999993
