MutagenObjectType: PlacedObject
FormKey: 00106F:VenpiCaveOverhaul.esm
Base: 0C70B2:Starfield.esm
Position: 36.1719, 28.937685, 3.3111563
Rotation: 1.8029685, -0.7603146, 6.121673
