MutagenObjectType: PlacedObject
FormKey: 001075:VenpiCaveOverhaul.esm
Base: 06F3A0:Starfield.esm
Scale: 1.6899999
Position: 25.38287, 37.30574, 7.69994
Rotation: 0, -0, 0.19999994
