MutagenObjectType: PlacedObject
FormKey: 001071:VenpiCaveOverhaul.esm
Base: 2DDDF0:Starfield.esm
Position: 44.10854, 58.736336, 1.1668015
Rotation: 2.925292, 1.1873432, 2.9405668
