MutagenObjectType: PlacedObject
FormKey: 001037:VenpiCaveOverhaul.esm
Base: 20748B:Starfield.esm
SourcePackIn: 0E5183:Starfield.esm
Layer: 2B3CB6:Starfield.esm
Position: 39.84999, 31.63951, -1.6016688
Rotation: 0.47951928, -0.09728576, 4.712389
