MutagenObjectType: PlacedObject
FormKey: 0010FD:VenpiCaveOverhaul.esm
Base: 266E63:Starfield.esm
Scale: 1.06
Position: 42.834457, 55.374733, -1.6371309
Rotation: -2.1388004, 0.8950509, 2.794817
