MutagenObjectType: PlacedObject
FormKey: 0010E4:VenpiCaveOverhaul.esm
Base: 266E67:Starfield.esm
Scale: 1.1999999
Position: 55.470398, 55.750637, -1.4800247
Rotation: 2.940927, -0.9470365, 0.31135228
