MutagenObjectType: PlacedObject
FormKey: 0010E8:VenpiCaveOverhaul.esm
Base: 266E66:Starfield.esm
Scale: 1.02
Position: 54.795498, 51.771603, -1.9357625
Rotation: -2.4835858, -0.005814378, 6.0427647
