MutagenObjectType: PlacedObject
FormKey: 00108F:VenpiCaveOverhaul.esm
Base: 06F3A0:Starfield.esm
Scale: 1.5
Position: 41.598083, 27.12614, 6.475306
Rotation: 0, -0, 5.4831853
