MutagenObjectType: PlacedObject
FormKey: 0010CB:VenpiCaveOverhaul.esm
Base: 029A59:Starfield.esm
Scale: 1.51
Position: 58.399273, 36.597, -1.0718073
Rotation: 0.00042137722, -0.10017643, 4.5265203
