MutagenObjectType: PlacedObject
FormKey: 00108A:VenpiCaveOverhaul.esm
Base: 29CAAC:Starfield.esm
Scale: 0.96
Position: 41.94628, 23.978697, 2.302314
Rotation: 0.39282882, -0.077442855, 0.18458301
