MutagenObjectType: PlacedObject
FormKey: 0010EE:VenpiCaveOverhaul.esm
Base: 266E66:Starfield.esm
Scale: 0.91999996
Position: 55.039917, 57.47096, -1.3092041
Rotation: 0.61129296, 0.29638994, 3.5180063
