MutagenObjectType: PlacedObject
FormKey: 00108E:VenpiCaveOverhaul.esm
Base: 06F734:Starfield.esm
Scale: 0.58
Position: 59.510334, 45.363155, -0.3002978
