MutagenObjectType: PlacedObject
FormKey: 00105B:VenpiCaveOverhaul.esm
Base: 06F73E:Starfield.esm
Scale: 0.84999996
Position: 49.61296, 17.757938, 3.3999996
Rotation: 0, 0, 0.2617994
