MutagenObjectType: PlacedObject
FormKey: 0010DC:VenpiCaveOverhaul.esm
Base: 266E63:Starfield.esm
Scale: 1.0799999
Position: 55.70665, 57.660404, -1.3022766
Rotation: 0.57075, 0.52843744, 0.5412647
