MutagenObjectType: PlacedObject
FormKey: 0010CF:VenpiCaveOverhaul.esm
Base: 029A5B:Starfield.esm
Scale: 1.24
Position: 60.34041, 37.42001, -1.4353106
Rotation: 2.5664337, -1.1477444, 5.691776
