MutagenObjectType: PlacedObject
FormKey: 0010D4:VenpiCaveOverhaul.esm
Base: 266E64:Starfield.esm
Scale: 1.12
Position: 57.806255, 36.930325, -0.9288322
Rotation: -0.18873565, -0.7492757, 2.7782261
