MutagenObjectType: PlacedObject
FormKey: 001085:VenpiCaveOverhaul.esm
Base: 29CAAC:Starfield.esm
Scale: 0.96
Position: 48.3, 20.9, 3
Rotation: 0.3928285, -0.07744288, 0.7699811
