MutagenObjectType: PlacedObject
FormKey: 001069:VenpiCaveOverhaul.esm
Base: 06F73E:Starfield.esm
Scale: 0.84999996
Position: 55.5, 68.100006, 3.0999994
Rotation: 0, -0, 5.1359878
