MutagenObjectType: PlacedObject
FormKey: 0010DF:VenpiCaveOverhaul.esm
Base: 266E63:Starfield.esm
Scale: 0.81
Position: 56.15137, 54.74322, -1.5673345
Rotation: -1.3438349, -0.04210148, 1.9019672
