MutagenObjectType: PlacedObject
FormKey: 0010DD:VenpiCaveOverhaul.esm
Base: 266E63:Starfield.esm
Scale: 1.1999999
Position: 53.554764, 49.069508, -1.3558618
Rotation: 1.4658511, -0.038161546, 0.2898672
