MutagenObjectType: PlacedObject
FormKey: 0010D7:VenpiCaveOverhaul.esm
Base: 01904D:Starfield.esm
Scale: 1.03
Position: 54.71149, 36.759415, -0.9613342
Rotation: 0.014648569, -0, 3.5773406
