MutagenObjectType: PlacedObject
FormKey: 0010AC:VenpiCaveOverhaul.esm
Base: 15691F:Starfield.esm
Position: 68.91532, 45.407352, 1.110147
Rotation: 0, -0, 1.7831852
