MutagenObjectType: PlacedObject
FormKey: 0010BD:VenpiCaveOverhaul.esm
Base: 0394B2:Starfield.esm
Position: 59.88806, 35.658592, 1.5928973
