MutagenObjectType: PlacedObject
FormKey: 001095:VenpiCaveOverhaul.esm
Base: 06F3A0:Starfield.esm
Scale: 1.6899999
Position: 55.073803, 56.390034, 6.01849
Rotation: 0, -0, 4.7831855
