MutagenObjectType: PlacedObject
FormKey: 001083:VenpiCaveOverhaul.esm
Base: 29CAAD:Starfield.esm
Scale: 0.96
Position: 27.300001, 41.100002, 1.6
Rotation: 0.111624524, -0.27904367, 1.184308
