MutagenObjectType: PlacedObject
FormKey: 0010F1:VenpiCaveOverhaul.esm
Base: 266E63:Starfield.esm
Scale: 1.13
Position: 54.854477, 51.235435, -1.958391
Rotation: -2.929579, 1.1309266, 3.4290931
