MutagenObjectType: PlacedObject
FormKey: 001190:VenpiCaveOverhaul.esm
Base: 029A57:Starfield.esm
Scale: 1.1899999
Position: 48.91406, 9.683717, 5.8379874
Rotation: 2.4827752, 1.0553293, 2.519221
