MutagenObjectType: PlacedObject
FormKey: 0011C8:VenpiCaveOverhaul.esm
Base: 019060:Starfield.esm
Scale: 1.03
Position: 36.798237, 90.79735, 5.77826
Rotation: 0.31175667, -0.0834596, 2.0338645
