MutagenObjectType: PlacedObject
FormKey: 00115E:VenpiCaveOverhaul.esm
Base: 019047:Starfield.esm
Position: 50.178146, 27.15206, -0.7131722
Rotation: -2.8416417, 1.251455, 5.3661337
