MutagenObjectType: PlacedObject
FormKey: 001184:VenpiCaveOverhaul.esm
Base: 266E63:Starfield.esm
Scale: 1.1
Position: 75.44044, 26.824953, 5.3076835
Rotation: 0.11552866, -0.5153013, 0.35862872
