MutagenObjectType: PlacedObject
FormKey: 0011F8:VenpiCaveOverhaul.esm
Base: 019048:Starfield.esm
Position: 0.23009303, 33.823273, 7.339778
Rotation: 2.7616415, 0.7056044, 3.7851303
