MutagenObjectType: PlacedObject
FormKey: 001139:VenpiCaveOverhaul.esm
Base: 266E65:Starfield.esm
Scale: 1.0699999
Position: 38.981632, 26.883448, 0.21427596
Rotation: -0.95943797, 0.9376191, 5.026092
