MutagenObjectType: PlacedObject
FormKey: 0011EB:VenpiCaveOverhaul.esm
Base: 01904D:Starfield.esm
Scale: 1.03
Position: 11.751335, 73.20358, 7.1328125
Rotation: -1.8121688, -0.16400297, 0.050356343
