MutagenObjectType: PlacedObject
FormKey: 0011D1:VenpiCaveOverhaul.esm
Base: 266E66:Starfield.esm
Scale: 1.13
Position: 0.59459263, 73.882774, 5.647341
Rotation: 0.46047607, 0.55897605, 1.4212672
