MutagenObjectType: PlacedObject
FormKey: 001146:VenpiCaveOverhaul.esm
Base: 266E66:Starfield.esm
Scale: 0.91999996
Position: 41.993465, 30.538654, -1.1738586
Rotation: 0.6460504, -0.19587094, 4.1654663
