MutagenObjectType: PlacedObject
FormKey: 00116D:VenpiCaveOverhaul.esm
Base: 266E63:Starfield.esm
Scale: 0.7
Position: 51.835064, 21.358162, 2.4962113
Rotation: 1.5042146, -0.98239875, 2.6113927
