MutagenObjectType: PlacedObject
FormKey: 0011A9:VenpiCaveOverhaul.esm
Base: 266E65:Starfield.esm
Scale: 0.97999996
Position: 61.606026, 68.557686, 3.3373053
Rotation: -1.2238592, -0.3373226, 5.4738665
