MutagenObjectType: PlacedObject
FormKey: 001160:VenpiCaveOverhaul.esm
Base: 01904D:Starfield.esm
Scale: 1.03
Position: 45.861862, 26.765255, -0.9190823
Rotation: 2.4689767, -0.4103276, 2.5183337
