MutagenObjectType: PlacedObject
FormKey: 001192:VenpiCaveOverhaul.esm
Base: 266E65:Starfield.esm
Scale: 1.12
Position: 52.188385, 4.130841, 6.026986
Rotation: -3.1280649, -1.0723698, 3.103274
