MutagenObjectType: PlacedObject
FormKey: 0011AA:VenpiCaveOverhaul.esm
Base: 266E63:Starfield.esm
Scale: 0.96999997
Position: 57.36899, 66.56381, 2.2306318
Rotation: -1.6164025, -0.71946806, 2.965567
