MutagenObjectType: PlacedObject
FormKey: 001166:VenpiCaveOverhaul.esm
Base: 266E63:Starfield.esm
Scale: 1.04
Position: 52.955383, 18.947598, 4.5437536
Rotation: -2.1552227, 1.0249345, 0.35133216
