MutagenObjectType: PlacedObject
FormKey: 0011DD:VenpiCaveOverhaul.esm
Base: 0139B1:Starfield.esm
Scale: 0.64
Position: 3.42176, 72.603874, 5.705287
Rotation: -1.1088973, 0.87178963, 2.5358243
