MutagenObjectType: PlacedObject
FormKey: 00118E:VenpiCaveOverhaul.esm
Base: 0139B0:Starfield.esm
Scale: 0.64
Position: 73.43711, 27.53984, 4.8670235
Rotation: -0.9995747, -0.57805306, 5.718591
