MutagenObjectType: PlacedObject
FormKey: 0011BD:VenpiCaveOverhaul.esm
Base: 266E67:Starfield.esm
Scale: 1.06
Position: 39.303997, 94.08326, 4.871712
Rotation: 0.30045313, 1.1217649, 3.286567
