MutagenObjectType: PlacedObject
FormKey: 0011BC:VenpiCaveOverhaul.esm
Base: 029A59:Starfield.esm
Scale: 1.39
Position: 34.39389, 93.62573, 5.3040614
Rotation: 0.004021237, 0.04101097, 2.5482006
