MutagenObjectType: PlacedObject
FormKey: 0011F5:VenpiCaveOverhaul.esm
Base: 266E64:Starfield.esm
Scale: 0.90999997
Position: 4.4179068, 34.330074, 7.9531474
Rotation: -1.3203518, 0.7190429, 2.5945768
