MutagenObjectType: PlacedObject
FormKey: 0011CD:VenpiCaveOverhaul.esm
Base: 029A5B:Starfield.esm
Scale: 1.17
Position: 3.0266757, 68.43476, 6.297655
Rotation: -0.02174321, 0.31576636, 6.1485105
