MutagenObjectType: PlacedObject
FormKey: 0011C0:VenpiCaveOverhaul.esm
Base: 029A5B:Starfield.esm
Scale: 1.5799999
Position: 33.626087, 95.60581, 4.7819467
Rotation: -1.5015265, 0.0023584089, 6.249954
