MutagenObjectType: PlacedObject
FormKey: 0011D8:VenpiCaveOverhaul.esm
Base: 266E65:Starfield.esm
Scale: 0.85999995
Position: 2.0069556, 66.96753, 6.2356467
Rotation: -2.211092, 0.894022, 0.7730803
