MutagenObjectType: PlacedObject
FormKey: 0011C9:VenpiCaveOverhaul.esm
Base: 01904D:Starfield.esm
Scale: 1.03
Position: 34.095795, 89.97474, 6.4930725
Rotation: 0.27145058, -0.014111125, 2.0450609
