MutagenObjectType: PlacedObject
FormKey: 0011B5:VenpiCaveOverhaul.esm
Base: 01904D:Starfield.esm
Scale: 1.03
Position: 57.088505, 67.703766, 2.6854656
Rotation: 0.028393049, 0.6210384, 4.305376
