MutagenObjectType: PlacedObject
FormKey: 00118D:VenpiCaveOverhaul.esm
Base: 01904D:Starfield.esm
Scale: 1.03
Position: 76.49788, 26.672686, 5.312335
Rotation: -0.7195765, 0.07619683, 1.9136689
