MutagenObjectType: PlacedObject
FormKey: 001199:VenpiCaveOverhaul.esm
Base: 029A5A:Starfield.esm
Scale: 1.23
Position: 51.51668, 2.6793468, 6.002362
Rotation: -1.2352421, 0.6197454, 3.066458
