MutagenObjectType: PlacedObject
FormKey: 001155:VenpiCaveOverhaul.esm
Base: 266E66:Starfield.esm
Scale: 0.96999997
Position: 49.338287, 26.08897, -1.2162691
Rotation: -0.6642771, 0.12716985, 2.758865
