MutagenObjectType: PlacedObject
FormKey: 001120:VenpiCaveOverhaul.esm
Base: 266E66:Starfield.esm
Scale: 0.82
Position: 42.62382, 35.972385, -1.8852684
Rotation: -3.081394, 0.3197751, 3.3406122
