MutagenObjectType: PlacedObject
FormKey: 001188:VenpiCaveOverhaul.esm
Base: 266E63:Starfield.esm
Scale: 1.1
Position: 74.78526, 25.506475, 5.204959
Rotation: -2.9637775, 0.9780151, 5.4817743
