MutagenObjectType: PlacedObject
FormKey: 00115F:VenpiCaveOverhaul.esm
Base: 0139AF:Starfield.esm
Scale: 0.64
Position: 47.38387, 28.287714, -1.811552
Rotation: -2.0797515, 0.16273937, 2.2998598
