MutagenObjectType: PlacedObject
FormKey: 001124:VenpiCaveOverhaul.esm
Base: 266E63:Starfield.esm
Scale: 1.04
Position: 42.193924, 41.186344, -0.796875
Rotation: -2.2932932, -0.33349553, 4.275548
