MutagenObjectType: PlacedObject
FormKey: 0011A2:VenpiCaveOverhaul.esm
Base: 0139B0:Starfield.esm
Scale: 0.64
Position: 49.684578, 4.1738806, 5.635516
Rotation: -1.0228276, 0.63654524, 2.685887
