MutagenObjectType: PlacedObject
FormKey: 00116E:VenpiCaveOverhaul.esm
Base: 029A58:Starfield.esm
Scale: 1.22
Position: 51.406548, 22.654097, 1.2123275
Rotation: 0.042021614, -0.016281482, 6.055327
