MutagenObjectType: PlacedObject
FormKey: 001153:VenpiCaveOverhaul.esm
Base: 266E63:Starfield.esm
Scale: 0.84
Position: 47.349064, 24.397285, -0.5495413
Rotation: 1.8063635, -0.049461797, 0.06689278
