MutagenObjectType: PlacedObject
FormKey: 0011A8:VenpiCaveOverhaul.esm
Base: 266E66:Starfield.esm
Scale: 0.89
Position: 60.009613, 67.52618, 2.999231
Rotation: -1.469163, 0.6053248, 2.9012642
