MutagenObjectType: PlacedObject
FormKey: 0011A7:VenpiCaveOverhaul.esm
Base: 266E63:Starfield.esm
Scale: 1.17
Position: 57.120514, 70.32742, 3.772972
Rotation: 1.0178179, 0.31477413, 3.2105932
