MutagenObjectType: PlacedObject
FormKey: 00112A:VenpiCaveOverhaul.esm
Base: 266E64:Starfield.esm
Position: 41.07188, 36.97655, -1.892654
Rotation: 0.70788753, 0.6919466, 1.8157454
