MutagenObjectType: PlacedObject
FormKey: 0011EF:VenpiCaveOverhaul.esm
Base: 266E64:Starfield.esm
Scale: 0.88
Position: 1.3270632, 31.817379, 8.055277
Rotation: -1.20425, -0.26236677, 3.6426704
