MutagenObjectType: PlacedObject
FormKey: 00117B:VenpiCaveOverhaul.esm
Base: 019059:Starfield.esm
Position: 64.859665, 25.25151, 3.9356258
Rotation: 1.304876, 0.33291504, 3.8000062
