MutagenObjectType: PlacedObject
FormKey: 0011A0:VenpiCaveOverhaul.esm
Base: 266E67:Starfield.esm
Scale: 0.9
Position: 52.14427, 1.908245, 6.0864563
Rotation: 0.55115783, 0.49144745, 5.3993063
