MutagenObjectType: PlacedObject
FormKey: 0011BB:VenpiCaveOverhaul.esm
Base: 266E67:Starfield.esm
Scale: 0.87
Position: 38.31906, 94.333626, 4.884437
Rotation: 2.738682, 1.322973, 2.5574858
