MutagenObjectType: PlacedObject
FormKey: 0011FD:VenpiCaveOverhaul.esm
Base: 266E63:Starfield.esm
Scale: 0.96999997
Position: 1.9015969, 27.194204, 8.445509
Rotation: -1.6053733, -0.12710175, 2.939886
