MutagenObjectType: PlacedObject
FormKey: 0011B8:VenpiCaveOverhaul.esm
Base: 266E64:Starfield.esm
Scale: 1.0699999
Position: 32.933212, 90.03762, 6.402038
Rotation: -0.21908651, 1.3387427, 3.4258676
