MutagenObjectType: PlacedObject
FormKey: 0011D0:VenpiCaveOverhaul.esm
Base: 029A59:Starfield.esm
Scale: 1.27
Position: 3.501979, 70.15399, 6.146197
Rotation: 0.046055637, -0.10141589, 4.155119
