MutagenObjectType: PlacedObject
FormKey: 001112:VenpiCaveOverhaul.esm
Base: 266E63:Starfield.esm
Scale: 0.91999996
Position: 41.950935, 45.76307, -0.749855
Rotation: 1.4577042, 1.3763173, 3.2451885
