MutagenObjectType: PlacedObject
FormKey: 00115D:VenpiCaveOverhaul.esm
Base: 266E63:Starfield.esm
Scale: 1.1899999
Position: 49.72801, 28.684624, -0.6265175
Rotation: 2.8500278, -0.8821662, 4.327056
