MutagenObjectType: PlacedObject
FormKey: 0011A3:VenpiCaveOverhaul.esm
Base: 019047:Starfield.esm
Scale: 1.03
Position: 53.97488, 7.395059, 5.717496
Rotation: 0.3375, 0.47699323, 4.0230455
