MutagenObjectType: PlacedObject
FormKey: 001186:VenpiCaveOverhaul.esm
Base: 266E65:Starfield.esm
Scale: 0.94
Position: 76.83887, 28.722115, 5.6076713
Rotation: 0.83358383, -0.32717782, 1.0835526
