MutagenObjectType: PlacedObject
FormKey: 0011E0:VenpiCaveOverhaul.esm
Base: 266E66:Starfield.esm
Scale: 0.96999997
Position: 8.914549, 71.12438, 7.0625
Rotation: 0.57336044, 0.37726524, 5.2214313
