MutagenObjectType: PlacedObject
FormKey: 00117D:VenpiCaveOverhaul.esm
Base: 019048:Starfield.esm
Position: 61.370926, 27.375145, 1.9941298
Rotation: 2.7645261, 0.1697241, 3.4928904
