MutagenObjectType: PlacedObject
FormKey: 001122:VenpiCaveOverhaul.esm
Base: 029A5A:Starfield.esm
Scale: 1.12
Position: 40.710205, 35.20925, -2.0441828
Rotation: -1.312571, 0.34017882, 0.26319095
