MutagenObjectType: PlacedObject
FormKey: 0011B3:VenpiCaveOverhaul.esm
Base: 029A58:Starfield.esm
Scale: 1.25
Position: 58.19761, 66.66289, 2.3736079
Rotation: 0.055152196, -0.047718767, 6.020346
