MutagenObjectType: PlacedObject
FormKey: 00113E:VenpiCaveOverhaul.esm
Base: 266E64:Starfield.esm
Scale: 1.1899999
Position: 42.364414, 23.500238, 0.8348103
Rotation: -1.6276258, 0.54302424, 5.382404
