MutagenObjectType: PlacedObject
FormKey: 001130:VenpiCaveOverhaul.esm
Base: 029A58:Starfield.esm
Scale: 0.87
Position: 40.71485, 37.54526, -2.16224
Rotation: 0.007855216, 0.050380096, 3.421674
