MutagenObjectType: PlacedObject
FormKey: 0011AC:VenpiCaveOverhaul.esm
Base: 266E63:Starfield.esm
Scale: 1.1
Position: 57.818344, 68.45072, 3.1020098
Rotation: -0.48859483, 0.20589042, 2.527841
