MutagenObjectType: PlacedObject
FormKey: 0011DF:VenpiCaveOverhaul.esm
Base: 266E64:Starfield.esm
Scale: 0.96
Position: 11.4918785, 74.08551, 7.046875
Rotation: -1.7852471, 0.1084706, 1.0073788
