MutagenObjectType: PlacedObject
FormKey: 001189:VenpiCaveOverhaul.esm
Base: 266E64:Starfield.esm
Scale: 0.89
Position: 74.68833, 28.838587, 5.367201
Rotation: -1.5812408, -0.026061717, 6.1670027
