MutagenObjectType: PlacedObject
FormKey: 00111A:VenpiCaveOverhaul.esm
Base: 019048:Starfield.esm
Position: 42.31889, 46.780052, -1.1143893
Rotation: 0.03315407, -0.8896215, 1.6346843
