MutagenObjectType: PlacedObject
FormKey: 0011D6:VenpiCaveOverhaul.esm
Base: 266E65:Starfield.esm
Scale: 1.15
Position: 0.9289873, 72.151985, 5.6643248
Rotation: -2.362087, -0.82565624, 1.4282476
