MutagenObjectType: PlacedObject
FormKey: 00119C:VenpiCaveOverhaul.esm
Base: 266E65:Starfield.esm
Scale: 0.97999996
Position: 51.312763, 2.1563737, 5.9969225
Rotation: 0.6663709, -1.1838183, 0.39369696
