MutagenObjectType: PlacedObject
FormKey: 001141:VenpiCaveOverhaul.esm
Base: 266E64:Starfield.esm
Scale: 1.1
Position: 34.6836, 28.162033, 0.33728513
Rotation: -2.7462683, 0.49432176, 6.273059
