MutagenObjectType: PlacedObject
FormKey: 00119E:VenpiCaveOverhaul.esm
Base: 029A57:Starfield.esm
Scale: 1.27
Position: 48.845604, 6.689996, 5.929579
Rotation: -2.2521536, -0.15395078, 4.513558
