MutagenObjectType: PlacedObject
FormKey: 001101:VenpiCaveOverhaul.esm
Base: 266E65:Starfield.esm
Scale: 0.91999996
Position: 49.09253, 59.464027, -1.8830186
Rotation: -2.75586, -1.1498731, 2.9133873
