MutagenObjectType: PlacedObject
FormKey: 0011AE:VenpiCaveOverhaul.esm
Base: 266E65:Starfield.esm
Scale: 0.94
Position: 58.53796, 66.15661, 2.3752036
Rotation: -0.8100025, -0.39438042, 3.590564
