MutagenObjectType: PlacedObject
FormKey: 0011DE:VenpiCaveOverhaul.esm
Base: 266E63:Starfield.esm
Scale: 0.84
Position: 9.006622, 73.767845, 6.8671875
Rotation: -1.8973746, -0.7573788, 3.448981
