MutagenObjectType: PlacedObject
FormKey: 001180:VenpiCaveOverhaul.esm
Base: 266E66:Starfield.esm
Scale: 0.89
Position: 74.9076, 29.135756, 5.446026
Rotation: 0.13870937, -1.4864569, 1.1333027
