MutagenObjectType: PlacedObject
FormKey: 001165:VenpiCaveOverhaul.esm
Base: 266E63:Starfield.esm
Scale: 0.96999997
Position: 51.483852, 23.511198, 0.7190908
Rotation: -1.6391203, 1.0445615, 2.876398
