MutagenObjectType: PlacedObject
FormKey: 001193:VenpiCaveOverhaul.esm
Base: 266E65:Starfield.esm
Scale: 0.84999996
Position: 46.337223, 3.9266768, 6.11998
Rotation: -0.47103068, -1.3296583, 4.7504754
