MutagenObjectType: PlacedObject
FormKey: 0011C5:VenpiCaveOverhaul.esm
Base: 266E64:Starfield.esm
Scale: 1.12
Position: 34.054012, 93.0858, 5.617872
Rotation: 0.75371766, -0.16555181, 1.1078266
