MutagenObjectType: PlacedObject
FormKey: 001104:VenpiCaveOverhaul.esm
Base: 266E64:Starfield.esm
Position: 46.67896, 58.72976, -2.2320638
Rotation: -0.87130105, 0.43081567, 5.935859
