MutagenObjectType: PlacedObject
FormKey: 001162:VenpiCaveOverhaul.esm
Base: 266E63:Starfield.esm
Scale: 1.17
Position: 55.209126, 23.01034, 2.3474193
Rotation: 0.28653434, -1.0231899, 4.6378946
