MutagenObjectType: PlacedObject
FormKey: 001175:VenpiCaveOverhaul.esm
Base: 029A57:Starfield.esm
Scale: 1.4499999
Position: 65.819664, 26.32221, 4.3173494
Rotation: -1.6533144, 0.3902071, 0.37345895
