MutagenObjectType: PlacedObject
FormKey: 001134:VenpiCaveOverhaul.esm
Base: 266E63:Starfield.esm
Scale: 1.0799999
Position: 42.591316, 30.18795, -1.1450195
Rotation: 0.7572021, 0.011520274, 1.1947904
