MutagenObjectType: PlacedObject
FormKey: 0011CA:VenpiCaveOverhaul.esm
Base: 019048:Starfield.esm
Scale: 1.49
Position: 40.1221, 91.97062, 5.3402157
Rotation: 0.5971598, -0.5313244, 6.24532
