MutagenObjectType: PlacedObject
FormKey: 00113D:VenpiCaveOverhaul.esm
Base: 266E63:Starfield.esm
Scale: 0.81
Position: 38.769474, 31.868702, -1.5320889
Rotation: -0.12013944, 0.80023694, 3.5868318
