MutagenObjectType: PlacedObject
FormKey: 0011D7:VenpiCaveOverhaul.esm
Base: 029A57:Starfield.esm
Scale: 1.1899999
Position: 0.7118289, 71.37391, 5.6607375
Rotation: -2.4437444, 0.7228953, 4.5270042
