MutagenObjectType: PlacedObject
FormKey: 0011ED:VenpiCaveOverhaul.esm
Base: 266E64:Starfield.esm
Scale: 0.82
Position: 0.3434527, 35.366337, 7.7660394
Rotation: 3.018709, -1.2334616, 5.9516115
