MutagenObjectType: PlacedObject
FormKey: 0011CF:VenpiCaveOverhaul.esm
Base: 266E65:Starfield.esm
Scale: 1.12
Position: 3.601314, 68.326996, 6.484407
Rotation: -2.851074, -1.0484595, 2.7864811
