MutagenObjectType: PlacedObject
FormKey: 001115:VenpiCaveOverhaul.esm
Base: 266E65:Starfield.esm
Scale: 0.76
Position: 42.050564, 45.232235, -0.7596984
Rotation: -0.54864734, -1.4551597, 4.3764744
