MutagenObjectType: PlacedObject
FormKey: 001103:VenpiCaveOverhaul.esm
Base: 266E65:Starfield.esm
Scale: 0.81
Position: 46.411507, 60.492073, -2.124049
Rotation: 1.7361835, -0.64563966, 6.2337694
