MutagenObjectType: PlacedObject
FormKey: 00118A:VenpiCaveOverhaul.esm
Base: 266E63:Starfield.esm
Scale: 0.7
Position: 75.4346, 28.74347, 5.4093146
Rotation: -1.5333257, 0.1691068, 5.703885
