MutagenObjectType: PlacedObject
FormKey: 0011CE:VenpiCaveOverhaul.esm
Base: 029A57:Starfield.esm
Scale: 0.90999997
Position: 1.2432576, 74.3224, 5.691459
Rotation: 2.4064813, 0.2722149, 0.6048517
