MutagenObjectType: PlacedObject
FormKey: 00117E:VenpiCaveOverhaul.esm
Base: 0139B0:Starfield.esm
Scale: 0.59999996
Position: 62.652912, 26.402775, 2.2719486
Rotation: 2.2226257, -0.28254738, 0.9351221
