MutagenObjectType: PlacedObject
FormKey: 00116C:VenpiCaveOverhaul.esm
Base: 266E64:Starfield.esm
Scale: 0.89
Position: 52.274216, 20.742456, 3.1592677
Rotation: 1.585602, -0.7880813, 3.01464
