MutagenObjectType: PlacedObject
FormKey: 0011E6:VenpiCaveOverhaul.esm
Base: 029A59:Starfield.esm
Scale: 1.4499999
Position: 8.416649, 71.20336, 7
Rotation: -0.039327092, 0.036144193, 4.6980906
