MutagenObjectType: PlacedObject
FormKey: 00114B:VenpiCaveOverhaul.esm
Base: 266E64:Starfield.esm
Scale: 0.83
Position: 38.254337, 26.222057, 0.54151654
Rotation: 2.1680255, -0.9732396, 5.460453
