MutagenObjectType: PlacedObject
FormKey: 00112E:VenpiCaveOverhaul.esm
Base: 029A5B:Starfield.esm
Scale: 1.38
Position: 38.291073, 41.175518, -0.7734375
Rotation: -0.6560288, 0.25762293, 0.4820272
