MutagenObjectType: PlacedObject
FormKey: 00119F:VenpiCaveOverhaul.esm
Base: 266E65:Starfield.esm
Scale: 0.85999995
Position: 50.821007, 2.5400875, 6.0799656
Rotation: -2.1157079, 0.7643372, 0.902083
