MutagenObjectType: PlacedObject
FormKey: 001106:VenpiCaveOverhaul.esm
Base: 029A5A:Starfield.esm
Scale: 1.12
Position: 47.385357, 58.373188, -2.29572
Rotation: 0.97807866, 0.104188964, 4.0969877
