MutagenObjectType: PlacedObject
FormKey: 00110B:VenpiCaveOverhaul.esm
Base: 019047:Starfield.esm
Scale: 1.03
Position: 44.087532, 54.379135, -1.9366966
Rotation: -0.050321136, -0.54884624, 0.32282555
