MutagenObjectType: PlacedObject
FormKey: 001181:VenpiCaveOverhaul.esm
Base: 266E65:Starfield.esm
Scale: 0.97999996
Position: 73.150635, 29.83974, 5.3099732
Rotation: 1.1826427, -0.55906576, 2.66494
