MutagenObjectType: PlacedObject
FormKey: 001197:VenpiCaveOverhaul.esm
Base: 029A57:Starfield.esm
Scale: 0.85999995
Position: 47.58691, 5.4083934, 5.9627514
Rotation: -1.7011119, 1.2675215, 3.6061478
