MutagenObjectType: PlacedObject
FormKey: 001194:VenpiCaveOverhaul.esm
Base: 029A59:Starfield.esm
Scale: 1.53
Position: 51.76637, 5.923806, 5.802094
Rotation: 0.085992366, -0.036928043, 2.321802
