MutagenObjectType: PlacedObject
FormKey: 001156:VenpiCaveOverhaul.esm
Base: 266E67:Starfield.esm
Scale: 1.15
Position: 47.901215, 24.93926, -1.258559
Rotation: 1.539118, 1.4036722, 0.46532124
