MutagenObjectType: PlacedObject
FormKey: 001129:VenpiCaveOverhaul.esm
Base: 266E65:Starfield.esm
Scale: 0.81
Position: 42.863667, 37.021763, -1.6943892
Rotation: -1.7578295, -0.78529835, 3.3252864
