MutagenObjectType: PlacedObject
FormKey: 0011DB:VenpiCaveOverhaul.esm
Base: 0139B0:Starfield.esm
Scale: 0.64
Position: 1.2267321, 68.737755, 5.4882135
Rotation: -1.093769, 0.87287164, 2.5368192
