MutagenObjectType: PlacedObject
FormKey: 001173:VenpiCaveOverhaul.esm
Base: 266E65:Starfield.esm
Scale: 1.09
Position: 62.803963, 29.962372, 2.2539988
Rotation: -0.29792336, 0.54264647, 3.5010016
