MutagenObjectType: PlacedObject
FormKey: 001174:VenpiCaveOverhaul.esm
Base: 266E64:Starfield.esm
Scale: 0.88
Position: 61.27313, 25.189335, 3.219491
Rotation: -1.2114527, 0.17759441, 3.8081799
