MutagenObjectType: PlacedObject
FormKey: 001148:VenpiCaveOverhaul.esm
Base: 029A5A:Starfield.esm
Scale: 1.37
Position: 41.627056, 28.274681, -0.25524014
Rotation: 0.76402265, -0.60085434, 1.5036262
