MutagenObjectType: PlacedObject
FormKey: 00115C:VenpiCaveOverhaul.esm
Base: 266E64:Starfield.esm
Scale: 1.0699999
Position: 45.4166, 25.141129, -0.16772664
Rotation: -1.0709846, -0.6153383, 2.1829247
