MutagenObjectType: PlacedObject
FormKey: 001157:VenpiCaveOverhaul.esm
Base: 029A5B:Starfield.esm
Scale: 0.96
Position: 46.75881, 26.4027, -1.12292
Rotation: 0.7642161, 0.6468161, 4.0809946
