MutagenObjectType: PlacedObject
FormKey: 0011BE:VenpiCaveOverhaul.esm
Base: 266E64:Starfield.esm
Scale: 1.04
Position: 39.033337, 94.48842, 4.8370004
Rotation: 1.2325404, 0.33154455, 0.79008967
