MutagenObjectType: PlacedObject
FormKey: 001110:VenpiCaveOverhaul.esm
Base: 266E63:Starfield.esm
Scale: 1.09
Position: 39.401154, 46.089874, -0.8017577
Rotation: -2.3781333, -0.88736534, 1.0851684
