MutagenObjectType: PlacedObject
FormKey: 001151:VenpiCaveOverhaul.esm
Base: 019048:Starfield.esm
Position: 36.092026, 28.217417, 0.07617262
Rotation: -2.3509321, 0.38569376, 1.1123067
