MutagenObjectType: PlacedObject
FormKey: 0011CC:VenpiCaveOverhaul.esm
Base: 01904D:Starfield.esm
Scale: 1.03
Position: 32.956512, 93.7896, 5.463049
Rotation: 0.003821127, -0.40254042, 4.8258023
