MutagenObjectType: PlacedObject
FormKey: 001143:VenpiCaveOverhaul.esm
Base: 029A57:Starfield.esm
Scale: 1.39
Position: 35.090836, 27.453663, 0.44931722
Rotation: 1.9137573, 0.9042299, 2.3250256
