MutagenObjectType: PlacedObject
FormKey: 00110A:VenpiCaveOverhaul.esm
Base: 029A58:Starfield.esm
Scale: 1.1899999
Position: 46.18411, 58.268635, -2.4708526
Rotation: 0.060516972, -0.00018916838, 2.7956812
