MutagenObjectType: PlacedObject
FormKey: 0012DA:VenpiCaveOverhaul.esm
Base: 029B39:Starfield.esm
SourcePackIn: 1A0819:Starfield.esm
Layer: 133227:Starfield.esm
Scale: 0.65
Position: 43.156948, 56.22837, 5.3080845
Rotation: -0.21096325, -0.09968807, 4.712389
