MutagenObjectType: PlacedObject
FormKey: 001256:VenpiCaveOverhaul.esm
Base: 23CF67:Starfield.esm
Layer: 133227:Starfield.esm
Position: 68.045616, 93.59454, 3.3160372
