MutagenObjectType: PlacedObject
FormKey: 001278:VenpiCaveOverhaul.esm
Base: 06F74B:Starfield.esm
Layer: 133227:Starfield.esm
Position: 35.321346, 47.154087, 6.333205
Rotation: -0.14550324, -0.5883989, 0.08115184
