MutagenObjectType: PlacedObject
FormKey: 0012AD:VenpiCaveOverhaul.esm
Base: 28D817:Starfield.esm
Layer: 133227:Starfield.esm
Position: 61.792767, 59.819874, 6.1843166
Rotation: 2.3655179, -1.1011187, 3.8605702
