MutagenObjectType: PlacedObject
FormKey: 0012BF:VenpiCaveOverhaul.esm
Base: 029AD5:Starfield.esm
SourcePackIn: 022B98:Starfield.esm
Layer: 133227:Starfield.esm
Position: 89.05407, 60.53081, 4.344612
Rotation: 0.26680914, -0.35438538, 2.6787183
