MutagenObjectType: PlacedObject
FormKey: 001261:VenpiCaveOverhaul.esm
Base: 23CF65:Starfield.esm
Layer: 133227:Starfield.esm
Position: 85.29402, 45.586823, 6.444383
Rotation: -0, -0.29336703, -0
