MutagenObjectType: PlacedObject
FormKey: 00122A:VenpiCaveOverhaul.esm
Base: 26BA65:Starfield.esm
Layer: 133227:Starfield.esm
Position: 6.201609, 79.31142, 5.9605894
Rotation: 0.09346659, 0.0893684, 4.712389
