MutagenObjectType: PlacedObject
FormKey: 0012E2:VenpiCaveOverhaul.esm
Base: 06F3A1:Starfield.esm
Layer: 133227:Starfield.esm
Scale: 1.5
Position: 49.79189, 54.926983, 5.737367
Rotation: -0.19352691, 0.05079019, 3.3950694
