MutagenObjectType: PlacedObject
FormKey: 001271:VenpiCaveOverhaul.esm
Base: 028D7E:Starfield.esm
SourcePackIn: 1A30D1:Starfield.esm
Layer: 133227:Starfield.esm
Scale: 1.01
Position: 37.16977, 16.653227, 7.3947
Rotation: -0.056316074, -0.4639249, 5.5541596
