MutagenObjectType: PlacedObject
FormKey: 001277:VenpiCaveOverhaul.esm
Base: 06F74B:Starfield.esm
Layer: 133227:Starfield.esm
Position: 36.62541, 46.845432, 5.4817486
