MutagenObjectType: PlacedObject
FormKey: 001226:VenpiCaveOverhaul.esm
Base: 1CC4A3:Starfield.esm
Position: 38.85457, 39.450165, -0.27179217
