MutagenObjectType: PlacedObject
FormKey: 0012DF:VenpiCaveOverhaul.esm
Base: 06F74B:Starfield.esm
Layer: 133227:Starfield.esm
Position: 46.334267, 58.64719, 4.2184935
Rotation: 0, -0.09999991, 0
