MutagenObjectType: PlacedObject
FormKey: 00121A:VenpiCaveOverhaul.esm
Base: 2DDDF0:Starfield.esm
Position: 32.908295, 48.93972, 0.5592617
Rotation: 0.80100006, -0, 3.175
