MutagenObjectType: PlacedObject
FormKey: 0012C6:VenpiCaveOverhaul.esm
Base: 029AC9:Starfield.esm
SourcePackIn: 022BE4:Starfield.esm
Layer: 133227:Starfield.esm
Scale: 1.04
Position: 85.98335, 12.007603, 6.0838313
Rotation: 0.0876654, 0.058302615, 3.3870149
