MutagenObjectType: PlacedObject
FormKey: 0012E5:VenpiCaveOverhaul.esm
Base: 06F3A1:Starfield.esm
Layer: 133227:Starfield.esm
Position: 53.401234, 41.36004, 7.503934
Rotation: 0.04658939, -0.0056774043, 4.712389
