MutagenObjectType: PlacedObject
FormKey: 00126E:VenpiCaveOverhaul.esm
Base: 012366:Starfield.esm
Layer: 133227:Starfield.esm
Position: 26.462029, 44.97999, 0.81518984
