MutagenObjectType: PlacedObject
FormKey: 0012D6:VenpiCaveOverhaul.esm
Base: 02EC77:Starfield.esm
SourcePackIn: 02B039:Starfield.esm
Layer: 133227:Starfield.esm
Scale: 0.72999996
Position: 35.85138, 51.06518, 7.3297696
Rotation: 1.0091782, -0.6114239, 0.3466234
