MutagenObjectType: PlacedObject
FormKey: 001295:VenpiCaveOverhaul.esm
Base: 01D20B:Starfield.esm
SourcePackIn: 1A30D1:Starfield.esm
Layer: 133227:Starfield.esm
Scale: 1.06
Position: 33.87262, 18.539036, 7.36611
Rotation: -2.4042978, -0.24676146, 0.024513142
