MutagenObjectType: PlacedObject
FormKey: 001244:VenpiCaveOverhaul.esm
Base: 23CF65:Starfield.esm
Layer: 133227:Starfield.esm
Position: 20.500217, 3.2098007, 8.5506935
