MutagenObjectType: PlacedObject
FormKey: 00123C:VenpiCaveOverhaul.esm
Base: 23CF65:Starfield.esm
Layer: 133227:Starfield.esm
Position: 81.362305, 14.947961, 5.8937445
