MutagenObjectType: PlacedObject
FormKey: 00127A:VenpiCaveOverhaul.esm
Base: 06F74B:Starfield.esm
Layer: 133227:Starfield.esm
Position: 35.294014, 48.479874, 4.6221085
Rotation: 1.3915682, 0.8442951, 5.3851047
