MutagenObjectType: PlacedObject
FormKey: 00121C:VenpiCaveOverhaul.esm
Base: 2DDDF0:Starfield.esm
Position: 44.98226, 58.23433, 0.21085347
Rotation: 1.5571108E-07, -1.4000001, 3.3999999
