MutagenObjectType: PlacedObject
FormKey: 001203:VenpiCaveOverhaul.esm
Base: 266E63:Starfield.esm
Scale: 1.1
Position: 3.4860728, 29.966473, 8.219969
Rotation: 2.5324798, -0.8360017, 2.8813853
