MutagenObjectType: PlacedObject
FormKey: 00126F:VenpiCaveOverhaul.esm
Base: 2F063A:Starfield.esm
Layer: 133227:Starfield.esm
Position: 28.645157, 45.71103, 0.9996817
Rotation: 0.060173742, 0.024375735, 4.712389
