MutagenObjectType: PlacedObject
FormKey: 001229:VenpiCaveOverhaul.esm
Base: 26BA65:Starfield.esm
Layer: 133227:Starfield.esm
Position: 11.236393, 81.016304, 6.1403856
Rotation: 0.15498567, 0.05921143, 4.712389
