MutagenObjectType: PlacedObject
FormKey: 0012C7:VenpiCaveOverhaul.esm
Base: 029AC6:Starfield.esm
SourcePackIn: 022BE4:Starfield.esm
Layer: 133227:Starfield.esm
Scale: 0.89
Position: 90.55385, 15.525386, 5.700313
Rotation: 0.12955165, 0.10836445, 3.3723416
