MutagenObjectType: PlacedObject
FormKey: 001276:VenpiCaveOverhaul.esm
Base: 06F74B:Starfield.esm
Layer: 133227:Starfield.esm
Position: 55.67691, 46.47938, 4.92904
Rotation: 0.29999998, -0, 1.4
