MutagenObjectType: PlacedObject
FormKey: 001224:VenpiCaveOverhaul.esm
Base: 1562F3:Starfield.esm
Position: 34.439377, 24.233578, 7.074068
