MutagenObjectType: PlacedObject
FormKey: 001208:VenpiCaveOverhaul.esm
Base: 01904D:Starfield.esm
Scale: 1.03
Position: 2.2950728, 28.274727, 8.316264
Rotation: 0.74759305, 0.21344443, 4.829855
