MutagenObjectType: PlacedObject
FormKey: 001215:VenpiCaveOverhaul.esm
Base: 2DDDF0:Starfield.esm
SourcePackIn: 32C7B8:Starfield.esm
Position: 42.752285, 34.98993, -0.12262177
Rotation: -1.203961, -1.0428568, 3.887852
