MutagenObjectType: PlacedObject
FormKey: 0012B2:VenpiCaveOverhaul.esm
Base: 02EC63:Starfield.esm
SourcePackIn: 1A0807:Starfield.esm
Layer: 133227:Starfield.esm
Scale: 0.84999996
Position: 54.935486, 68.45824, 7.217656
Rotation: 0, -0, 6.279808
