MutagenObjectType: PlacedObject
FormKey: 00129A:VenpiCaveOverhaul.esm
Base: 00B423:Starfield.esm
SourcePackIn: 1A30D1:Starfield.esm
Layer: 133227:Starfield.esm
Position: 40.92968, 22.18462, 7.8533444
Rotation: 0.6237027, -0.53883326, 5.759695
