MutagenObjectType: PlacedObject
FormKey: 0012D0:VenpiCaveOverhaul.esm
Base: 02EC79:Starfield.esm
SourcePackIn: 02B065:Starfield.esm
Layer: 133227:Starfield.esm
Scale: 1.06
Position: 33.279396, 31.242119, 7.3225937
Rotation: -2.4646974, -0.3025669, 3.4966967
