MutagenObjectType: PlacedObject
FormKey: 00128C:VenpiCaveOverhaul.esm
Base: 028D7C:Starfield.esm
SourcePackIn: 1A30F4:Starfield.esm
Layer: 133227:Starfield.esm
Scale: 0.87
Position: 32.31455, 13.099291, 8.288213
Rotation: -0.08027747, -0.2515256, 6.099816
