MutagenObjectType: PlacedObject
FormKey: 0012A2:VenpiCaveOverhaul.esm
Base: 021710:Starfield.esm
SourcePackIn: 1A3113:Starfield.esm
Layer: 133227:Starfield.esm
Scale: 1.1
Position: 31.395367, 64.979324, 7.8123426
Rotation: 0, -0, 2.9298728
