MutagenObjectType: PlacedObject
FormKey: 001239:VenpiCaveOverhaul.esm
Base: 26BA65:Starfield.esm
Layer: 133227:Starfield.esm
Position: 64.07613, 87.826675, 3.7864027
