MutagenObjectType: PlacedObject
FormKey: 0012B4:VenpiCaveOverhaul.esm
Base: 029AD5:Starfield.esm
SourcePackIn: 1A0807:Starfield.esm
Layer: 133227:Starfield.esm
Scale: 1.25
Position: 51.720173, 67.221016, 7.597265
Rotation: -0.48973143, 0.4118015, 4.156871
