MutagenObjectType: PlacedObject
FormKey: 001266:VenpiCaveOverhaul.esm
Base: 1C090B:Starfield.esm
Layer: 133227:Starfield.esm
Position: 46.71504, 37.021873, -1.5084229
Rotation: -0, -0, 4.712389
