MutagenObjectType: PlacedObject
FormKey: 0012C2:VenpiCaveOverhaul.esm
Base: 02EC77:Starfield.esm
SourcePackIn: 022B98:Starfield.esm
Layer: 133227:Starfield.esm
Scale: 0.76
Position: 89.53496, 59.197624, 4.5463085
Rotation: -2.5878663, 0.3657667, 4.50173
