MutagenObjectType: PlacedObject
FormKey: 0012AF:VenpiCaveOverhaul.esm
Base: 28D817:Starfield.esm
Layer: 133227:Starfield.esm
Position: 53.11036, 64.25586, 4.5877023
Rotation: -1.4945372, 0.6198505, 3.1859493
