MutagenObjectType: PlacedObject
FormKey: 000C23:VenpiCaveOverhaul.esm
Base: 266E64:Starfield.esm
Scale: 0.95
Position: -0.9446428, 69.679596, 5.5549817
Rotation: -1.5933467, -0.75399166, 3.8487253
