MutagenObjectType: PlacedObject
FormKey: 000C27:VenworksEncountersOverhaul.esm
Base: 266E63:Starfield.esm
Scale: 0.91999996
Position: -0.9286243, 68.03761, 5.6217017
Rotation: -2.3606215, 0.94278187, 3.1609874
