MutagenObjectType: PlacedObject
FormKey: 000C24:VenworksEncountersOverhaul.esm
Base: 266E65:Starfield.esm
Scale: 0.84999996
Position: -2.2049437, 69.03244, 5.467415
Rotation: -0.8810919, -1.2297943, 5.1774926
