MutagenObjectType: PlacedObject
FormKey: 000C26:VenworksEncountersOverhaul.esm
Base: 029A57:Starfield.esm
Scale: 1.23
Position: -0.38641563, 74.819, 5.5033894
Rotation: -0.61246884, 0.6707469, 2.7191002
