MutagenObjectType: PlacedObject
FormKey: 000C25:VenworksEncountersOverhaul.esm
Base: 029A57:Starfield.esm
Scale: 1.3199999
Position: -0.72645634, 70.30178, 5.439833
Rotation: -1.9941968, 1.449736, 3.3237205
