MutagenObjectType: PlacedObject
FormKey: 000C28:VenworksEncountersOverhaul.esm
Base: 019048:Starfield.esm
Position: -2.3056254, 70.37629, 5.399755
Rotation: -0.31167382, 0.56930447, 5.7817154
