MutagenObjectType: PlacedObject
FormKey: 000C29:VenworksEncountersOverhaul.esm
Base: 019059:Starfield.esm
Scale: 0.81
Position: -0.89042073, 72.16124, 5.459788
Rotation: 0.29380015, -0.1113828, 2.0830588
