FormKey: 001318:VenpiCaveOverhaul.esm
NavmeshGeometry:
  Versioning:
  - Break0
  NavmeshVersion: 17
  Parent:
    MutagenObjectType: WorldspaceNavmeshParent
    Parent: 00163F:VenpiCaveOverhaul.esm
  Vertices:
  - Point: 33.55, 0.75, 16.11411
    Unknown: 1
  - Point: 32.8, 0.8, 16.714111
    Unknown: 1
  - Point: 32.850002, 0, 17.01411
    Unknown: 1
  - Point: 31.300001, 0.8, 16.86411
    Unknown: 1
  - Point: 30.5, 0, 16.91411
    Unknown: 1
  - Point: 32.8, 1.5500001, 16.064112
    Unknown: 1
  - Point: 31.25, 1.5500001, 16.26411
    Unknown: 1
  - Point: 33.475, 0.755, 16.17411
  - Point: 33.35, 0.53571427, 16.371254
  Triangles:
  - Vertices: 0, 1, 2
    EdgeLink_0_1: -1
    EdgeLink_1_2: 1
    EdgeLink_2_0: -1
    Height: 3.4028235E+38
    Flags:
    - Found
    - 0x1000
    CoverFlags: 5
  - Vertices: 2, 1, 3
    EdgeLink_1_2: 3
    EdgeLink_2_0: 2
    Height: 3.4028235E+38
    Flags:
    - Found
    - 0x1000
  - Vertices: 4, 2, 3
    EdgeLink_0_1: -1
    EdgeLink_1_2: 1
    EdgeLink_2_0: -1
    Height: 3.4028235E+38
    Flags:
    - Found
    - 0x1000
    CoverFlags: 32772
  - Vertices: 3, 1, 5
    EdgeLink_0_1: 1
    EdgeLink_1_2: -1
    EdgeLink_2_0: 4
    Height: 3.4028235E+38
    Flags:
    - Found
    - 0x1000
    CoverFlags: 49154
  - Vertices: 3, 5, 6
    EdgeLink_0_1: 3
    EdgeLink_1_2: -1
    EdgeLink_2_0: -1
    Height: 3.4028235E+38
    Flags:
    - Found
    - 0x1000
    CoverFlags: 49158
  Cover:
  - Vertex1: 4
    Vertex2: 3
    Data: 211108382245889
  - Vertex1: 3
    Vertex2: 6
    Data: 13194143991297
  - Vertex1: 6
    Vertex2: 5
    Data: 1537
  - Vertex1: 5
    Vertex2: 1
    Data: 105553118496257
  - Vertex1: 1
    Vertex2: 7
    Data: 30786327807489
  - Vertex2: 8
    Data: 8608041483
  CoverTriangleMappings:
  - Triangle: 4
  - Cover: 17
    Triangle: 2
  - Cover: 2
    Triangle: 5
  - Cover: 10
  - Cover: 13
    Triangle: 3
  - Cover: 18
    Triangle: 1
  GridSize: 1
  GridMaxDistance: 3.0499992, 1.5500001
  GridMin: 30.5, 0, 16.064112
  GridMax: 33.55, 1.5500001, 3.4028235E+38
  GridArrays:
  - GridCell:
    - 5
    - 0
    - 0
    - 1
    - 2
    - 3
    - 4
    - 12
    - 8
PreCutMapEntries: []
