MutagenObjectType: PlacedObject
FormKey: 001089:VenworksEncountersOverhaul.esm
Base: 29CAAC:Starfield.esm
Scale: 0.96
Position: 37.086372, 26.711575, 2.3023138
Rotation: 0.21226996, -0.2136141, 0.7771566
