MutagenObjectType: PlacedObject
FormKey: 001081:VenworksEncountersOverhaul.esm
Base: 29CAAC:Starfield.esm
Scale: 0.96
Position: 26.800001, 54.5, 1.6
Rotation: 0.1656045, 0.25130847, 5.304152
