MutagenObjectType: PlacedObject
FormKey: 001078:VenworksEncountersOverhaul.esm
Base: 06F3A1:Starfield.esm
Scale: 1.5999999
Position: 38.603313, 27.534235, 6.954263
Rotation: 0.0073314914, -0.24413411, 4.6818476
