MutagenObjectType: PlacedObject
FormKey: 001076:VenworksEncountersOverhaul.esm
Base: 2D012B:Starfield.esm
Scale: 0.65
Position: 35.111137, 49.464035, 6.1518083
Rotation: -0.118733935, 0.16132227, 4.073576
