MutagenObjectType: PlacedObject
FormKey: 0010C7:VenworksEncountersOverhaul.esm
Base: 266E64:Starfield.esm
Scale: 1.0699999
Position: 54.74971, 37.925674, -1.0460751
Rotation: 1.3434638, 0.0894097, 5.200933
