MutagenObjectType: PlacedObject
FormKey: 0010AE:VenworksEncountersOverhaul.esm
Base: 15691F:Starfield.esm
Position: 14.97026, 42.48087, 1.9273419
Rotation: 0, -0, 4.6831856
