MutagenObjectType: PlacedObject
FormKey: 00109E:VenworksEncountersOverhaul.esm
Base: 06F3A0:Starfield.esm
Scale: 1.6899999
Position: 21.965004, 55.20935, 5.9710374
Rotation: 0, -0, 0.19999994
