MutagenObjectType: PlacedObject
FormKey: 0010CE:VenworksEncountersOverhaul.esm
Base: 029A57:Starfield.esm
Scale: 1.15
Position: 58.767776, 32.246613, -0.22357437
Rotation: -1.0654663, -0.18682072, 3.0211978
