MutagenObjectType: PlacedObject
FormKey: 0010ED:VenworksEncountersOverhaul.esm
Base: 266E67:Starfield.esm
Scale: 0.81
Position: 51.922047, 53.909927, -1.2738801
Rotation: -1.9819092, 0.8499965, 2.633011
