MutagenObjectType: PlacedObject
FormKey: 0010AA:VenworksEncountersOverhaul.esm
Base: 06F39F:Starfield.esm
Scale: 1.5
Position: 41.352158, 34.57967, 6.2472687
Rotation: 0.19611566, -0.03947974, 0.19611564
