MutagenObjectType: PlacedObject
FormKey: 0010A0:VenworksEncountersOverhaul.esm
Base: 06F3A0:Starfield.esm
Scale: 1.6899999
Position: 27.014141, 48.556377, 6.7999997
Rotation: 0, -0, 0.19999994
