MutagenObjectType: PlacedObject
FormKey: 0010D1:VenworksEncountersOverhaul.esm
Base: 266E67:Starfield.esm
Scale: 1.02
Position: 61.065453, 37.989017, -1.577158
Rotation: -2.7759159, 0.731683, 1.6978079
