MutagenObjectType: PlacedObject
FormKey: 001099:VenworksEncountersOverhaul.esm
Base: 06F3A0:Starfield.esm
Scale: 1.6899999
Position: 44.504887, 64.21311, 6.0184903
Rotation: 0, -0, 4.7831855
