MutagenObjectType: PlacedObject
FormKey: 0010D0:VenworksEncountersOverhaul.esm
Base: 266E66:Starfield.esm
Scale: 0.96
Position: 52.762115, 36.18535, -0.92713004
Rotation: 1.6493069, -0.37100512, 5.185402
