MutagenObjectType: PlacedObject
FormKey: 00106D:VenworksEncountersOverhaul.esm
Base: 29CAAD:Starfield.esm
Scale: 0.96
Position: 60.2, 48.800003, 1.1999998
Rotation: -0.04979127, -0.2959624, 1.7400191
