MutagenObjectType: PlacedObject
FormKey: 0010A1:VenworksEncountersOverhaul.esm
Base: 06F3A0:Starfield.esm
Scale: 1.5
Position: 34.602592, 29.101671, 6.4753075
Rotation: 0, -0, 0.19999994
