MutagenObjectType: PlacedObject
FormKey: 0010E5:VenworksEncountersOverhaul.esm
Base: 266E63:Starfield.esm
Scale: 0.81
Position: 51.848824, 56.08592, -1.4547143
Rotation: -0.6945996, 0.45091614, 2.6646743
