MutagenObjectType: PlacedObject
FormKey: 0010E6:VenworksEncountersOverhaul.esm
Base: 266E64:Starfield.esm
Scale: 1.1899999
Position: 60.376167, 52.884083, -2.0951376
Rotation: -1.6211817, -0.2632981, 5.4249163
