MutagenObjectType: PlacedObject
FormKey: 001082:VenworksEncountersOverhaul.esm
Base: 29CAAD:Starfield.esm
Scale: 0.96
Position: 29.9, 59.2, 1.6
Rotation: 0.21226999, 0.21361393, 5.506029
