MutagenObjectType: PlacedObject
FormKey: 00109C:VenworksEncountersOverhaul.esm
Base: 15691F:Starfield.esm
Scale: 0.5
Position: 48.900005, 71, 0.43783665
Rotation: 0, -0, 0.37079644
