MutagenObjectType: PlacedObject
FormKey: 0010FC:VenworksEncountersOverhaul.esm
Base: 029A5A:Starfield.esm
Scale: 0.84
Position: 48.47395, 58.58938, -1.9349773
Rotation: -0.19144069, -0.36675766, 3.5114276
