MutagenObjectType: PlacedObject
FormKey: 0010EF:VenworksEncountersOverhaul.esm
Base: 266E66:Starfield.esm
Scale: 0.89
Position: 54.57835, 52.571365, -1.941975
Rotation: -0.4977483, -0.45733634, 0.54992735
