MutagenObjectType: PlacedObject
FormKey: 0010EB:VenworksEncountersOverhaul.esm
Base: 029A57:Starfield.esm
Scale: 1.11
Position: 52.46842, 50.36756, -1.4551055
Rotation: 2.1200995, -0.9385483, 3.1753917
