MutagenObjectType: PlacedObject
FormKey: 001087:VenworksEncountersOverhaul.esm
Base: 17DFF1:Starfield.esm
Position: 9.646214, 60.108032, -6.4527345
Rotation: 0, 0, 2.6539817
