MutagenObjectType: PlacedObject
FormKey: 00109D:VenworksEncountersOverhaul.esm
Base: 06F3A0:Starfield.esm
Scale: 1.6899999
Position: 37.1554, 61.37708, 5.690835
Rotation: 0, -0, 5.6831856
