MutagenObjectType: PlacedObject
FormKey: 00105E:VenworksEncountersOverhaul.esm
Base: 29CAAD:Starfield.esm
Scale: 0.96
Position: 59.9, 41.6, 1.1999998
Rotation: 0.1090575, -0.28003445, 1.1936107
