MutagenObjectType: PlacedObject
FormKey: 0010DA:VenworksEncountersOverhaul.esm
Base: 01904D:Starfield.esm
Scale: 1.03
Position: 58.466442, 38.055134, -1.0245544
Rotation: -0.34684125, 0.17841244, 6.276547
