MutagenObjectType: PlacedObject
FormKey: 00106C:VenworksEncountersOverhaul.esm
Base: 29CAAD:Starfield.esm
Scale: 0.96
Position: 62.6, 54.4, 1.1999998
Rotation: -0.1264723, -0.27277097, 2.011774
