MutagenObjectType: PlacedObject
FormKey: 0010DB:VenworksEncountersOverhaul.esm
Base: 266E67:Starfield.esm
Scale: 0.94
Position: 55.8477, 57.194286, -1.3717957
Rotation: -3.0124846, 0.9546619, 4.9069753
