MutagenObjectType: PlacedObject
FormKey: 00107D:VenworksEncountersOverhaul.esm
Base: 29CAAD:Starfield.esm
Scale: 0.96
Position: 34.600002, 63.3, 1.9
Rotation: 0.24996665, 0.1676475, 5.7042966
