MutagenObjectType: PlacedObject
FormKey: 0010D6:VenworksEncountersOverhaul.esm
Base: 266E64:Starfield.esm
Scale: 0.94
Position: 61.804375, 32.132973, 0.9322984
Rotation: 0.8917803, -0.6927599, 5.376896
