MutagenObjectType: PlacedObject
FormKey: 0010D3:VenworksEncountersOverhaul.esm
Base: 266E67:Starfield.esm
Scale: 0.84
Position: 58.225502, 35.947784, -0.8836966
Rotation: 2.145334, -1.1851732, 5.6457357
