MutagenObjectType: PlacedObject
FormKey: 00108D:VenworksEncountersOverhaul.esm
Base: 06F3A1:Starfield.esm
Scale: 1.5
Position: 28.055283, 51.71698, 6.6711884
Rotation: 0, -0, 3.1000001
