MutagenObjectType: PlacedObject
FormKey: 00108B:VenworksEncountersOverhaul.esm
Base: 17DFF1:Starfield.esm
Position: 17.914354, 27.228436, -6.4982624
Rotation: 0, -0, 1.0831856
