MutagenObjectType: PlacedObject
FormKey: 0010CA:VenworksEncountersOverhaul.esm
Base: 266E67:Starfield.esm
Scale: 0.87
Position: 59.26987, 32.6888, -0.194053
Rotation: 1.7987849, -0.056934174, 1.3877099
