MutagenObjectType: PlacedObject
FormKey: 00107E:VenworksEncountersOverhaul.esm
Base: 29CAAD:Starfield.esm
Scale: 0.96
Position: 44.9, 66.700005, 1.2
Rotation: 0.29858917, 0.029507035, 6.1876235
