MutagenObjectType: PlacedObject
FormKey: 001068:VenworksEncountersOverhaul.esm
Base: 06F73E:Starfield.esm
Scale: 0.84999996
Position: 66.2, 58.8, 3.0999994
Rotation: 0, -0, 4.712389
