MutagenObjectType: PlacedObject
FormKey: 0010E1:VenworksEncountersOverhaul.esm
Base: 266E65:Starfield.esm
Scale: 1.0699999
Position: 55.586018, 52.798016, -1.9456357
Rotation: -1.2162418, 0.20884031, 4.588357
