MutagenObjectType: PlacedObject
FormKey: 0010A7:VenworksEncountersOverhaul.esm
Base: 06F39F:Starfield.esm
Scale: 1.5
Position: 37.69574, 55.138535, 5.541354
Rotation: -0.1609943, -0.11918, 2.5096257
