MutagenObjectType: PlacedObject
FormKey: 001088:VenworksEncountersOverhaul.esm
Base: 29CAAD:Starfield.esm
Scale: 0.96
Position: 32.287212, 31.652973, 2.3023138
Rotation: 0.21226996, -0.2136141, 0.7771566
