MutagenObjectType: PlacedObject
FormKey: 0010F5:VenworksEncountersOverhaul.esm
Base: 0139AF:Starfield.esm
Scale: 0.82
Position: 55.7306, 49.89811, -2.2537427
Rotation: -0.62584823, -0.041125543, 3.3007498
