MutagenObjectType: PlacedObject
FormKey: 0010E2:VenworksEncountersOverhaul.esm
Base: 266E67:Starfield.esm
Scale: 0.9
Position: 59.48148, 52.922523, -1.9990714
Rotation: -1.1055856, 0.9260147, 1.7751162
