MutagenObjectType: PlacedObject
FormKey: 0010CD:VenworksEncountersOverhaul.esm
Base: 266E64:Starfield.esm
Scale: 1.04
Position: 59.434315, 31.997517, 0.13874009
Rotation: 0.8556916, -1.0718163, 1.5555857
