MutagenObjectType: PlacedObject
FormKey: 001092:VenworksEncountersOverhaul.esm
Base: 06F39F:Starfield.esm
Scale: 1.5
Position: 46.78047, 25.774284, 6.2472725
Rotation: 0, -0, 4.4831853
