MutagenObjectType: PlacedObject
FormKey: 0010AF:VenworksEncountersOverhaul.esm
Base: 15691F:Starfield.esm
Position: 29.064547, 69.73906, 1.9060314
Rotation: 3.1103674E-08, -4.206914E-09, 5.6831856
