MutagenObjectType: PlacedObject
FormKey: 0010DE:VenworksEncountersOverhaul.esm
Base: 029A58:Starfield.esm
Scale: 0.71999997
Position: 54.092182, 51.664326, -1.9925506
Rotation: 0.018713325, -0.024140146, 5.700119
