MutagenObjectType: PlacedObject
FormKey: 0010C9:VenworksEncountersOverhaul.esm
Base: 266E63:Starfield.esm
Scale: 0.90999997
Position: 61.361572, 32.08582, 0.67576593
Rotation: 1.1856526, -0.85672957, 3.3609645
