MutagenObjectType: PlacedObject
FormKey: 0010EC:VenworksEncountersOverhaul.esm
Base: 266E64:Starfield.esm
Scale: 1.06
Position: 51.764023, 56.474552, -1.4863697
Rotation: -0.50231826, 0.33880383, 1.770531
