MutagenObjectType: PlacedObject
FormKey: 00109B:VenworksEncountersOverhaul.esm
Base: 06F3A0:Starfield.esm
Scale: 1.6899999
Position: 25.528008, 32.4176, 5.6908417
Rotation: 0, -0, 0.19999994
