MutagenObjectType: PlacedObject
FormKey: 0010D5:VenworksEncountersOverhaul.esm
Base: 266E66:Starfield.esm
Scale: 1.11
Position: 61.955643, 33.1547, 0.42108002
Rotation: 1.0633736, -0.72226954, 1.6311576
