MutagenObjectType: PlacedObject
FormKey: 0010F2:VenworksEncountersOverhaul.esm
Base: 029A5A:Starfield.esm
Scale: 1.01
Position: 59.58784, 53.473606, -2.192874
Rotation: -2.7322605, 0.4469376, 4.2330117
