MutagenObjectType: PlacedObject
FormKey: 0010E3:VenworksEncountersOverhaul.esm
Base: 029A59:Starfield.esm
Scale: 1.28
Position: 54.49564, 49.35315, -1.5523577
Rotation: -0.00947199, 0.1018895, 2.1922736
