MutagenObjectType: PlacedObject
FormKey: 0010F9:VenworksEncountersOverhaul.esm
Base: 029A58:Starfield.esm
Scale: 1.03
Position: 47.01121, 60.101414, -2.2113605
Rotation: 0.28789443, -0.10501176, 2.1159992
