MutagenObjectType: PlacedObject
FormKey: 0010F8:VenworksEncountersOverhaul.esm
Base: 029A57:Starfield.esm
Scale: 1.36
Position: 46.056904, 55.17975, -1.9426036
Rotation: 1.2731066, 0.13245964, 1.9216684
