MutagenObjectType: PlacedObject
FormKey: 0011DC:VenworksEncountersOverhaul.esm
Base: 019047:Starfield.esm
Scale: 1.03
Position: 5.9079514, 71.26847, 6.513492
Rotation: 0.49763203, 0.6236968, 4.291912
