MutagenObjectType: PlacedObject
FormKey: 0011BF:VenworksEncountersOverhaul.esm
Base: 029A57:Starfield.esm
Scale: 1.23
Position: 38.719513, 93.79088, 4.90563
Rotation: -1.5276096, 0.5289314, 0.18156476
