MutagenObjectType: PlacedObject
FormKey: 001133:VenworksEncountersOverhaul.esm
Base: 266E67:Starfield.esm
Scale: 0.94
Position: 42.35209, 29.763771, -0.87768555
Rotation: 2.387593, 0.666229, 3.7604723
