MutagenObjectType: PlacedObject
FormKey: 00110E:VenworksEncountersOverhaul.esm
Base: 266E63:Starfield.esm
Scale: 1.12
Position: 42.565666, 45.772778, -0.8032365
Rotation: -2.8985817, 0.2530555, 5.9868326
