MutagenObjectType: PlacedObject
FormKey: 0011EC:VenworksEncountersOverhaul.esm
Base: 019048:Starfield.esm
Position: 8.993381, 71.978836, 7
Rotation: 2.7028599, -0.22693418, 5.3085823
