MutagenObjectType: PlacedObject
FormKey: 0011C1:VenworksEncountersOverhaul.esm
Base: 266E66:Starfield.esm
Scale: 0.96
Position: 34.59019, 87.99874, 7.012916
Rotation: 1.7516158, 1.1522334, 5.3794236
