MutagenObjectType: PlacedObject
FormKey: 001169:VenworksEncountersOverhaul.esm
Base: 266E65:Starfield.esm
Scale: 0.94
Position: 50.852196, 22.475307, 1.3447188
Rotation: -0.37089646, 0.81892055, 5.022765
