MutagenObjectType: PlacedObject
FormKey: 00112F:VenworksEncountersOverhaul.esm
Base: 029A59:Starfield.esm
Scale: 1.53
Position: 41.18722, 41.658806, -0.75
Rotation: 0.021090684, -0.049543444, 4.478439
