MutagenObjectType: PlacedObject
FormKey: 0011F3:VenworksEncountersOverhaul.esm
Base: 266E64:Starfield.esm
Scale: 0.93
Position: 1.9618883, 35.290043, 7.790922
Rotation: 0.22977552, 0.1660159, 6.1648893
