MutagenObjectType: PlacedObject
FormKey: 001171:VenworksEncountersOverhaul.esm
Base: 0139B0:Starfield.esm
Scale: 0.64
Position: 54.12533, 20.146706, 3.2155132
Rotation: 1.687909, -0.6952447, 3.069892
