MutagenObjectType: PlacedObject
FormKey: 001163:VenworksEncountersOverhaul.esm
Base: 266E66:Starfield.esm
Scale: 0.89
Position: 51.899906, 20.728205, 3.1510558
Rotation: 1.4548911, 0.76492184, 5.9044404
