MutagenObjectType: PlacedObject
FormKey: 0011BA:VenworksEncountersOverhaul.esm
Base: 266E63:Starfield.esm
Scale: 0.90999997
Position: 38.999615, 96.39272, 4.456905
Rotation: 1.2650952, 0.6136863, 2.8839042
