MutagenObjectType: PlacedObject
FormKey: 00119D:VenworksEncountersOverhaul.esm
Base: 266E65:Starfield.esm
Scale: 1.15
Position: 48.936493, 7.491985, 5.894152
Rotation: -2.5049129, -0.92753816, 1.6136241
