MutagenObjectType: PlacedObject
FormKey: 0011EA:VenworksEncountersOverhaul.esm
Base: 0139AF:Starfield.esm
Scale: 0.64
Position: 11.821411, 71.09251, 7.265625
Rotation: 2.1788838, 0.61478674, 5.7843266
