MutagenObjectType: PlacedObject
FormKey: 001195:VenworksEncountersOverhaul.esm
Base: 266E66:Starfield.esm
Scale: 1.13
Position: 48.347153, 9.150449, 5.9130654
Rotation: 0.36444026, 0.6217165, 1.2491207
