MutagenObjectType: PlacedObject
FormKey: 00118B:VenworksEncountersOverhaul.esm
Base: 029A58:Starfield.esm
Scale: 1.15
Position: 76.69507, 28.172987, 5.42371
Rotation: 0.052417584, 0.012718882, 4.8669195
