MutagenObjectType: PlacedObject
FormKey: 0011E4:VenworksEncountersOverhaul.esm
Base: 266E64:Starfield.esm
Scale: 0.84
Position: 8.242113, 70.529785, 7.03125
Rotation: -1.2147834, 0.2930622, 5.1966763
