MutagenObjectType: PlacedObject
FormKey: 001185:VenworksEncountersOverhaul.esm
Base: 266E66:Starfield.esm
Scale: 1.11
Position: 72.65321, 29.998915, 5.2273226
Rotation: 0.82376766, -1.0122646, 5.649932
