MutagenObjectType: PlacedObject
FormKey: 0011B6:VenworksEncountersOverhaul.esm
Base: 0139B0:Starfield.esm
Scale: 0.64
Position: 59.56515, 69.7636, 3.1793878
Rotation: -0.38377896, 1.1127901, 1.2522422
