MutagenObjectType: PlacedObject
FormKey: 00111D:VenworksEncountersOverhaul.esm
Base: 01904D:Starfield.esm
Scale: 1.03
Position: 38.01244, 46.702976, -1.2490945
Rotation: 2.9889174, 0.5403503, 3.1633513
