MutagenObjectType: PlacedObject
FormKey: 0011C2:VenworksEncountersOverhaul.esm
Base: 266E67:Starfield.esm
Scale: 1.02
Position: 33.10946, 96.372635, 4.7537518
Rotation: -2.3682256, -0.24115798, 2.9881344
