MutagenObjectType: PlacedObject
FormKey: 001187:VenworksEncountersOverhaul.esm
Base: 029A59:Starfield.esm
Scale: 1.29
Position: 75.21379, 27.354805, 5.290638
Rotation: 0.08937109, 0.00055859983, 4.41712
