MutagenObjectType: PlacedObject
FormKey: 0011D2:VenworksEncountersOverhaul.esm
Base: 266E64:Starfield.esm
Scale: 1.11
Position: 0.5514975, 74.57215, 5.564146
Rotation: 1.7903087, -1.2821708, 3.6198802
