MutagenObjectType: PlacedObject
FormKey: 0011FB:VenworksEncountersOverhaul.esm
Base: 266E66:Starfield.esm
Scale: 0.89
Position: 4.642658, 26.529469, 8.614334
Rotation: -1.343417, 1.1916734, 3.0550256
