MutagenObjectType: PlacedObject
FormKey: 0011E8:VenworksEncountersOverhaul.esm
Base: 266E63:Starfield.esm
Scale: 1.1899999
Position: 10.590222, 69.14367, 7.359375
Rotation: -2.2899787, 0.39255673, 2.0623138
