MutagenObjectType: PlacedObject
FormKey: 001128:VenworksEncountersOverhaul.esm
Base: 266E65:Starfield.esm
Scale: 1.04
Position: 41.43983, 43.201782, -0.734375
Rotation: 1.5976336, 0.34542227, 3.2622747
