MutagenObjectType: PlacedObject
FormKey: 0011B9:VenworksEncountersOverhaul.esm
Base: 266E67:Starfield.esm
Scale: 1.1999999
Position: 35.251457, 88.222855, 6.907672
Rotation: 1.6139919, 0.19665287, 0.98854333
