MutagenObjectType: PlacedObject
FormKey: 00113B:VenworksEncountersOverhaul.esm
Base: 029A59:Starfield.esm
Scale: 0.82
Position: 35.760456, 25.25674, 1.0307596
Rotation: -0.07946425, 0.0089046955, 1.4156855
