MutagenObjectType: PlacedObject
FormKey: 0011E2:VenworksEncountersOverhaul.esm
Base: 029A5B:Starfield.esm
Scale: 1.18
Position: 10.884572, 72.831276, 7.09375
Rotation: 2.5443244, -1.0727686, 0.60000604
