MutagenObjectType: PlacedObject
FormKey: 00116A:VenworksEncountersOverhaul.esm
Base: 029A59:Starfield.esm
Scale: 1.35
Position: 53.008537, 22.137, 2.1630497
Rotation: 0.07812702, -0.1099477, 4.4745975
