MutagenObjectType: PlacedObject
FormKey: 001126:VenworksEncountersOverhaul.esm
Base: 266E67:Starfield.esm
Scale: 0.93
Position: 41.073402, 35.746655, -2.0519094
Rotation: -1.7068585, -0.24050605, 0.31879562
