MutagenObjectType: PlacedObject
FormKey: 001117:VenworksEncountersOverhaul.esm
Base: 266E67:Starfield.esm
Scale: 1.02
Position: 36.93497, 46.793644, -0.6557208
Rotation: -1.0479778, -0.22512726, 0.837698
