MutagenObjectType: PlacedObject
FormKey: 0011A1:VenworksEncountersOverhaul.esm
Base: 01904D:Starfield.esm
Scale: 1.03
Position: 51.833374, 5.13075, 5.839066
Rotation: 0.3278361, 0.5047363, 4.0335283
