MutagenObjectType: PlacedObject
FormKey: 00114A:VenworksEncountersOverhaul.esm
Base: 029A5A:Starfield.esm
Scale: 0.93
Position: 42.21188, 24.416714, 0.34122694
Rotation: 1.8294191, -0.110149875, 4.680597
