MutagenObjectType: PlacedObject
FormKey: 001131:VenworksEncountersOverhaul.esm
Base: 0139C2:Starfield.esm
Scale: 0.84
Position: 37.13219, 39.12073, -1.8775537
Rotation: 0.8491973, -0.16463667, 0.31903294
