MutagenObjectType: PlacedObject
FormKey: 0011F1:VenworksEncountersOverhaul.esm
Base: 266E66:Starfield.esm
Scale: 0.87
Position: 2.6224973, 31.73012, 8.0571165
Rotation: -0.974913, -0.81861717, 3.485035
