MutagenObjectType: PlacedObject
FormKey: 001147:VenworksEncountersOverhaul.esm
Base: 266E66:Starfield.esm
Scale: 0.89
Position: 38.12909, 27.476044, 0.21241605
Rotation: -0.66264385, 0.004190436, 1.2376822
