MutagenObjectType: PlacedObject
FormKey: 001144:VenworksEncountersOverhaul.esm
Base: 266E64:Starfield.esm
Scale: 1.06
Position: 39.000507, 32.214745, -1.7108886
Rotation: -0.08909478, 0.5918036, 2.6384249
