MutagenObjectType: PlacedObject
FormKey: 0011A6:VenworksEncountersOverhaul.esm
Base: 019059:Starfield.esm
Scale: 0.81
Position: 47.14896, 7.219591, 6.0084743
Rotation: 0.34400672, -0.2049997, 1.8873847
