MutagenObjectType: PlacedObject
FormKey: 001178:VenworksEncountersOverhaul.esm
Base: 266E64:Starfield.esm
Scale: 0.93
Position: 63.410954, 28.000034, 3.125548
Rotation: 0.27898407, 0.04574819, 0.33846387
