MutagenObjectType: PlacedObject
FormKey: 001102:VenworksEncountersOverhaul.esm
Base: 266E65:Starfield.esm
Scale: 1.04
Position: 42.214977, 55.815475, -1.6629478
Rotation: -1.6265095, 1.1001854, 0.06192578
