MutagenObjectType: PlacedObject
FormKey: 00114E:VenworksEncountersOverhaul.esm
Base: 02EC69:Starfield.esm
Scale: 0.96
Position: 43.368717, 24.711288, -0.5836908
Rotation: -0.21463192, 0.5022698, 4.4161396
