MutagenObjectType: PlacedObject
FormKey: 0011F7:VenworksEncountersOverhaul.esm
Base: 02EC69:Starfield.esm
Scale: 0.64
Position: 3.3175416, 35.602856, 7.5812554
Rotation: -2.63561, -0.42197147, 5.7067366
