MutagenObjectType: PlacedObject
FormKey: 0011F2:VenworksEncountersOverhaul.esm
Base: 029A57:Starfield.esm
Scale: 1.06
Position: 1.2670648, 35.223446, 7.771256
Rotation: -1.6720483, -0.1605137, 3.7295651
