MutagenObjectType: PlacedObject
FormKey: 00115B:VenworksEncountersOverhaul.esm
Base: 029A59:Starfield.esm
Scale: 1.0699999
Position: 49.68747, 25.68385, -1.0855458
Rotation: -0.017212506, 0.024671419, 6.10602
