MutagenObjectType: PlacedObject
FormKey: 001167:VenworksEncountersOverhaul.esm
Base: 266E63:Starfield.esm
Scale: 1.1
Position: 53.23232, 22.687464, 1.8525202
Rotation: 0.32318935, 0.423791, 4.415004
