MutagenObjectType: PlacedObject
FormKey: 00115A:VenworksEncountersOverhaul.esm
Base: 029A59:Starfield.esm
Scale: 1.3
Position: 47.26034, 25.124262, -0.90042984
Rotation: 0.07135112, 0.08554162, 1.3291743
