MutagenObjectType: PlacedObject
FormKey: 0011D5:VenworksEncountersOverhaul.esm
Base: 266E65:Starfield.esm
Scale: 0.97999996
Position: 2.4514844, 66.50488, 6.293185
Rotation: 0.28373054, -1.256643, 0.80019706
