MutagenObjectType: PlacedObject
FormKey: 001159:VenworksEncountersOverhaul.esm
Base: 266E64:Starfield.esm
Scale: 0.84
Position: 50.274796, 26.002466, -0.39574647
Rotation: 0.86026186, -1.0337609, 2.5847077
