MutagenObjectType: PlacedObject
FormKey: 00118F:VenworksEncountersOverhaul.esm
Base: 029A5B:Starfield.esm
Scale: 1.02
Position: 51.59158, 4.148173, 5.974498
Rotation: -1.7718397, -0.20420565, 2.0705862
