MutagenObjectType: PlacedObject
FormKey: 001149:VenworksEncountersOverhaul.esm
Base: 266E63:Starfield.esm
Scale: 1.13
Position: 37.372257, 26.333344, 0.4704304
Rotation: 2.1838691, 0.76194453, 2.0768442
