MutagenObjectType: PlacedObject
FormKey: 00110F:VenworksEncountersOverhaul.esm
Base: 266E64:Starfield.esm
Scale: 0.88
Position: 40.564156, 46.752647, -0.78422004
Rotation: -1.113782, 0.6571499, 2.4071403
