MutagenObjectType: PlacedObject
FormKey: 001168:VenworksEncountersOverhaul.esm
Base: 266E66:Starfield.esm
Scale: 1.11
Position: 52.81703, 18.47549, 4.762376
Rotation: 0.7708698, 1.0449059, 4.2567244
