MutagenObjectType: PlacedObject
FormKey: 0011E9:VenworksEncountersOverhaul.esm
Base: 019047:Starfield.esm
Position: 9.204438, 70.03353, 7.1875
Rotation: 1.0529293, -0.6068774, 3.4988265
