MutagenObjectType: PlacedObject
FormKey: 00118C:VenworksEncountersOverhaul.esm
Base: 019059:Starfield.esm
Position: 74.558685, 29.76608, 5.1522965
Rotation: -0.64959747, -0.56304604, 5.42938
