MutagenObjectType: PlacedObject
FormKey: 001177:VenworksEncountersOverhaul.esm
Base: 029A57:Starfield.esm
Scale: 1.42
Position: 62.75951, 28.25548, 2.8013253
Rotation: 1.7716893, -1.073221, 2.5349894
