MutagenObjectType: PlacedObject
FormKey: 0011B2:VenworksEncountersOverhaul.esm
Base: 266E63:Starfield.esm
Scale: 0.7
Position: 59.38648, 67.33816, 2.8192472
Rotation: 1.518754, 0.7814593, 2.519312
