MutagenObjectType: PlacedObject
FormKey: 001191:VenworksEncountersOverhaul.esm
Base: 266E64:Starfield.esm
Scale: 0.95
Position: 47.48554, 4.760108, 6.103854
Rotation: -1.5975813, -0.9100115, 3.854436
