MutagenObjectType: PlacedObject
FormKey: 00119B:VenworksEncountersOverhaul.esm
Base: 029A57:Starfield.esm
Scale: 0.97999996
Position: 49.44216, 7.1436787, 5.848141
Rotation: 0.6542428, -0.025863402, 3.7876341
