MutagenObjectType: PlacedObject
FormKey: 0011F4:VenworksEncountersOverhaul.esm
Base: 029A59:Starfield.esm
Scale: 0.82
Position: 1.9072257, 31.91443, 8.066399
Rotation: 0.007963487, 0.013492721, 0.008129257
