MutagenObjectType: PlacedObject
FormKey: 001140:VenworksEncountersOverhaul.esm
Base: 266E66:Starfield.esm
Scale: 1.02
Position: 37.706505, 26.765497, 0.4184381
Rotation: -2.6466827, 0.45313647, 5.353739
