MutagenObjectType: PlacedObject
FormKey: 0011B1:VenworksEncountersOverhaul.esm
Base: 266E64:Starfield.esm
Scale: 0.89
Position: 59.90024, 67.89468, 3.053277
Rotation: 1.5894673, 0.97734237, 3.040617
