MutagenObjectType: PlacedObject
FormKey: 001132:VenworksEncountersOverhaul.esm
Base: 01717D:Starfield.esm
Scale: 0.90999997
Position: 39.42393, 34.975853, -2.4765105
Rotation: 0.3350242, -0.9249954, 2.4279516
