MutagenObjectType: PlacedObject
FormKey: 0011AD:VenworksEncountersOverhaul.esm
Base: 266E66:Starfield.esm
Scale: 1.11
Position: 62.027824, 68.879776, 3.3837428
Rotation: -1.1963371, 0.17668352, 1.9115729
