MutagenObjectType: PlacedObject
FormKey: 0011C4:VenworksEncountersOverhaul.esm
Base: 266E67:Starfield.esm
Scale: 0.84
Position: 35.05305, 93.46167, 5.4487977
Rotation: 1.7852361, 0.28173637, 6.24652
