MutagenObjectType: PlacedObject
FormKey: 0011E7:VenworksEncountersOverhaul.esm
Base: 266E64:Starfield.esm
Scale: 1.0699999
Position: 10.848492, 74.660095, 6.9609375
Rotation: 0.13404243, 1.1648415, 4.2048073
