MutagenObjectType: PlacedObject
FormKey: 001105:VenworksEncountersOverhaul.esm
Base: 266E63:Starfield.esm
Scale: 0.98999995
Position: 44.27361, 57.261147, -2.297587
Rotation: 2.179197, 0.34725824, 0.6256142
