MutagenObjectType: PlacedObject
FormKey: 001136:VenworksEncountersOverhaul.esm
Base: 029A58:Starfield.esm
Scale: 0.87
Position: 37.155163, 27.185936, 0.31678227
Rotation: 0.019127773, -0.068289615, 5.317594
