MutagenObjectType: PlacedObject
FormKey: 001145:VenworksEncountersOverhaul.esm
Base: 266E67:Starfield.esm
Scale: 0.81
Position: 37.261826, 30.3247, -0.3170955
Rotation: 2.700654, 1.2748497, 0.9203923
