MutagenObjectType: PlacedObject
FormKey: 001198:VenworksEncountersOverhaul.esm
Base: 029A57:Starfield.esm
Scale: 1.36
Position: 47.228355, 9.922561, 5.931402
Rotation: -1.4227443, 0.72231174, 4.560644
