MutagenObjectType: PlacedObject
FormKey: 001100:VenworksEncountersOverhaul.esm
Base: 266E67:Starfield.esm
Scale: 0.93
Position: 47.91655, 58.873245, -2.1619344
Rotation: 1.9254135, -1.1816516, 3.0977342
