MutagenObjectType: PlacedObject
FormKey: 00112B:VenworksEncountersOverhaul.esm
Base: 266E63:Starfield.esm
Scale: 0.98999995
Position: 42.616577, 40.996704, -0.8359375
Rotation: 2.7186334, -0.9405098, 5.6135945
