MutagenObjectType: PlacedObject
FormKey: 0011E1:VenworksEncountersOverhaul.esm
Base: 266E67:Starfield.esm
Scale: 1.15
Position: 9.016668, 72.924194, 6.9375
Rotation: 1.5622942, -0.9024408, 0.5032315
