MutagenObjectType: PlacedObject
FormKey: 0011C6:VenworksEncountersOverhaul.esm
Base: 266E66:Starfield.esm
Scale: 1.11
Position: 37.95406, 97.030136, 4.4072113
Rotation: 1.0829258, 0.67962646, 0.957015
