MutagenObjectType: PlacedObject
FormKey: 001113:VenworksEncountersOverhaul.esm
Base: 266E63:Starfield.esm
Scale: 0.89
Position: 39.913784, 46.16173, -0.84411764
Rotation: 1.8540534, 1.3683326, 5.178408
