MutagenObjectType: PlacedObject
FormKey: 0011D3:VenworksEncountersOverhaul.esm
Base: 029A5A:Starfield.esm
Scale: 1.28
Position: 2.7303367, 66.9923, 6.3253336
Rotation: 0.6368373, -0.8423626, 4.3308835
