MutagenObjectType: PlacedObject
FormKey: 001137:VenworksEncountersOverhaul.esm
Base: 266E63:Starfield.esm
Scale: 0.81
Position: 40.79348, 27.85413, -0.0439435
Rotation: -1.2614781, 0.739894, 2.1239038
