MutagenObjectType: PlacedObject
FormKey: 001182:VenworksEncountersOverhaul.esm
Base: 266E63:Starfield.esm
Scale: 0.96999997
Position: 77.24711, 27.550833, 5.4947987
Rotation: 1.6060324, -0.23123778, 6.0690155
