MutagenObjectType: PlacedObject
FormKey: 0011FF:VenworksEncountersOverhaul.esm
Base: 266E63:Starfield.esm
Scale: 1.1
Position: 3.3347542, 28.504507, 8.368188
Rotation: -0.29945484, 0.44035372, 3.104643
