MutagenObjectType: PlacedObject
FormKey: 0011CB:VenworksEncountersOverhaul.esm
Base: 019059:Starfield.esm
Scale: 1.3299999
Position: 35.78392, 95.64435, 4.818633
Rotation: 0.5129071, 0.34923634, 0.78316784
