MutagenObjectType: PlacedObject
FormKey: 00119A:VenworksEncountersOverhaul.esm
Base: 266E63:Starfield.esm
Scale: 0.91999996
Position: 47.751633, 3.142481, 6.1183014
Rotation: -2.23379, 0.8257728, 3.324541
