MutagenObjectType: PlacedObject
FormKey: 0011A5:VenworksEncountersOverhaul.esm
Base: 019048:Starfield.esm
Position: 46.031345, 5.2370086, 6.1211596
Rotation: -0.39444044, 0.40010422, 5.6673937
