MutagenObjectType: PlacedObject
FormKey: 00117A:VenworksEncountersOverhaul.esm
Base: 266E64:Starfield.esm
Scale: 0.90999997
Position: 65.15579, 26.038532, 4.2288885
Rotation: -1.0836676, 1.161042, 2.8799164
