MutagenObjectType: PlacedObject
FormKey: 001107:VenworksEncountersOverhaul.esm
Base: 029A5B:Starfield.esm
Scale: 1.05
Position: 47.707638, 54.628334, -1.7481917
Rotation: 0.92427105, -0.7480115, 3.8073037
