MutagenObjectType: PlacedObject
FormKey: 0011FA:VenworksEncountersOverhaul.esm
Base: 266E63:Starfield.esm
Scale: 1.17
Position: 3.8121161, 30.452871, 8.219377
Rotation: 1.0365148, -0.1965535, 3.5144465
