MutagenObjectType: PlacedObject
FormKey: 00111F:VenworksEncountersOverhaul.esm
Base: 029A58:Starfield.esm
Scale: 1.16
Position: 42.393845, 36.494026, -1.8926996
Rotation: -0.19011478, -0.16947308, 4.0007715
