MutagenObjectType: PlacedObject
FormKey: 001118:VenworksEncountersOverhaul.esm
Base: 266E64:Starfield.esm
Scale: 0.98999995
Position: 37.76358, 49.009933, -0.7107453
Rotation: -2.5971186, -0.68156105, 3.5783017
