MutagenObjectType: PlacedObject
FormKey: 0011AB:VenworksEncountersOverhaul.esm
Base: 266E63:Starfield.esm
Scale: 1.04
Position: 61.534416, 68.91598, 3.3933258
Rotation: -1.9335195, -0.6313232, 1.0862658
