MutagenObjectType: PlacedObject
FormKey: 0011F0:VenworksEncountersOverhaul.esm
Base: 029A57:Starfield.esm
Scale: 1.3199999
Position: 4.8705673, 34.882362, 7.8821507
Rotation: -1.2848281, 0.45628783, 0.29263866
