MutagenObjectType: PlacedObject
FormKey: 00112C:VenworksEncountersOverhaul.esm
Base: 029A5A:Starfield.esm
Scale: 0.79999995
Position: 40.664055, 36.33942, -2.19335
Rotation: -0.73026425, 0.74066246, 3.9971266
