MutagenObjectType: PlacedObject
FormKey: 001114:VenworksEncountersOverhaul.esm
Base: 266E65:Starfield.esm
Scale: 0.88
Position: 37.014187, 45.94813, -0.68099314
Rotation: -1.317921, -0.0023531157, 2.8752792
