MutagenObjectType: PlacedObject
FormKey: 001183:VenworksEncountersOverhaul.esm
Base: 266E63:Starfield.esm
Scale: 1.04
Position: 72.90209, 29.577824, 5.2619905
Rotation: 1.8730123, -0.27530035, 3.922954
