MutagenObjectType: PlacedObject
FormKey: 001172:VenworksEncountersOverhaul.esm
Base: 266E64:Starfield.esm
Scale: 0.82
Position: 61.986023, 28.810118, 2.3426116
Rotation: -2.2697723, -1.0350227, 4.876509
