MutagenObjectType: PlacedObject
FormKey: 00113A:VenworksEncountersOverhaul.esm
Base: 266E67:Starfield.esm
Scale: 0.9
Position: 41.791714, 24.207678, 0.73251235
Rotation: 0.65246606, 1.2245942, 3.646586
