MutagenObjectType: PlacedObject
FormKey: 001179:VenworksEncountersOverhaul.esm
Base: 029A59:Starfield.esm
Scale: 0.88
Position: 61.83571, 25.01289, 3.45301
Rotation: 0.031418405, -0.08130545, 2.0077906
