MutagenObjectType: PlacedObject
FormKey: 001138:VenworksEncountersOverhaul.esm
Base: 266E66:Starfield.esm
Scale: 1.05
Position: 35.725704, 24.591196, 1.390065
Rotation: -1.2779202, -0.9637917, 3.3432608
