MutagenObjectType: PlacedObject
FormKey: 0011F9:VenworksEncountersOverhaul.esm
Base: 0139B0:Starfield.esm
Scale: 0.59999996
Position: 1.6497933, 33.546803, 6.9645863
Rotation: 2.0981534, 0.3001948, 0.8737437
