MutagenObjectType: PlacedObject
FormKey: 001135:VenworksEncountersOverhaul.esm
Base: 266E63:Starfield.esm
Scale: 1.1999999
Position: 34.894375, 25.753645, 1.0069596
Rotation: 1.4133983, -0.8395506, 0.40343884
