MutagenObjectType: PlacedObject
FormKey: 001154:VenworksEncountersOverhaul.esm
Base: 266E64:Starfield.esm
Scale: 0.96
Position: 45.432537, 26.020771, -0.30995634
Rotation: 1.9253973, -0.91561335, 3.886984
