MutagenObjectType: PlacedObject
FormKey: 001176:VenworksEncountersOverhaul.esm
Base: 266E66:Starfield.esm
Scale: 0.87
Position: 62.401905, 24.516058, 3.7218845
Rotation: -1.1401471, -0.40640953, 3.765149
