MutagenObjectType: PlacedObject
FormKey: 00110C:VenworksEncountersOverhaul.esm
Base: 01717D:Starfield.esm
Scale: 0.90999997
Position: 48.923264, 57.40838, -2.294818
Rotation: 0.79337245, 0.3858068, 1.1287743
