MutagenObjectType: PlacedObject
FormKey: 00114D:VenworksEncountersOverhaul.esm
Base: 0139AF:Starfield.esm
Scale: 0.82
Position: 37.038834, 24.561632, 0.59136695
Rotation: -0.12928273, 0.44279304, 3.9309394
