MutagenObjectType: PlacedObject
FormKey: 00113C:VenworksEncountersOverhaul.esm
Base: 266E67:Starfield.esm
Scale: 1.1999999
Position: 41.047764, 29.035698, -0.29109728
Rotation: -2.4177442, -0.7014424, 5.408837
