MutagenObjectType: PlacedObject
FormKey: 0011B4:VenworksEncountersOverhaul.esm
Base: 019059:Starfield.esm
Position: 60.761776, 67.571625, 2.7589812
Rotation: -0.68049866, 0.91625583, 0.96580255
