MutagenObjectType: PlacedObject
FormKey: 00113F:VenworksEncountersOverhaul.esm
Base: 266E66:Starfield.esm
Scale: 0.89
Position: 38.88505, 31.227293, -1.1995945
Rotation: -1.0490742, -0.96655995, 3.549186
