MutagenObjectType: PlacedObject
FormKey: 0011B0:VenworksEncountersOverhaul.esm
Base: 266E63:Starfield.esm
Scale: 1.1
Position: 57.119022, 69.75487, 3.5543423
Rotation: 2.2146137, -0.4126809, 3.405223
