MutagenObjectType: PlacedObject
FormKey: 001111:VenworksEncountersOverhaul.esm
Base: 266E66:Starfield.esm
Scale: 0.93
Position: 39.064987, 46.485744, -0.7187735
Rotation: 2.105953, 0.49094406, 4.879843
