MutagenObjectType: PlacedObject
FormKey: 001150:VenworksEncountersOverhaul.esm
Base: 01904D:Starfield.esm
Scale: 1.03
Position: 37.428772, 31.21409, -0.8017912
Rotation: -2.7443397, -0.23616453, 0.062348027
