MutagenObjectType: PlacedObject
FormKey: 001142:VenworksEncountersOverhaul.esm
Base: 266E67:Starfield.esm
Scale: 0.97999996
Position: 42.371796, 28.019865, -0.34174684
Rotation: 2.1874614, 0.5627279, 3.5041602
