MutagenObjectType: PlacedObject
FormKey: 00114F:VenworksEncountersOverhaul.esm
Base: 0139AF:Starfield.esm
Scale: 0.64
Position: 38.67423, 28.806915, -0.47130486
Rotation: -0.8665841, -0.74977154, 2.1350381
