MutagenObjectType: PlacedObject
FormKey: 0011D9:VenworksEncountersOverhaul.esm
Base: 266E67:Starfield.esm
Scale: 0.9
Position: 3.2114336, 66.13944, 6.592212
Rotation: 0.61399734, 0.40541878, 5.543908
