MutagenObjectType: PlacedObject
FormKey: 0011D4:VenworksEncountersOverhaul.esm
Base: 029A57:Starfield.esm
Scale: 1.42
Position: 1.3823254, 71.729126, 5.7144327
Rotation: 0.21758473, 0.17134948, 3.4024525
