MutagenObjectType: PlacedObject
FormKey: 0011E3:VenworksEncountersOverhaul.esm
Base: 266E63:Starfield.esm
Scale: 0.83
Position: 10.599138, 73.38875, 7.0390625
Rotation: 1.5606655, -0.8274699, 3.4133928
