MutagenObjectType: PlacedObject
FormKey: 001108:VenworksEncountersOverhaul.esm
Base: 029A5B:Starfield.esm
Scale: 1.15
Position: 44.62155, 52.923733, -1.917621
Rotation: 1.7409605, -0.13235246, 0.20962821
