MutagenObjectType: PlacedObject
FormKey: 001158:VenworksEncountersOverhaul.esm
Base: 266E63:Starfield.esm
Scale: 0.83
Position: 46.516743, 25.800873, -0.6496518
Rotation: 1.4963708, 1.4784629, 3.3318245
