MutagenObjectType: PlacedObject
FormKey: 001161:VenworksEncountersOverhaul.esm
Base: 019048:Starfield.esm
Position: 48.522278, 25.550943, -1.9345154
Rotation: -2.849756, 0.92602414, 1.4152981
