MutagenObjectType: PlacedObject
FormKey: 001121:VenworksEncountersOverhaul.esm
Base: 029A58:Starfield.esm
Scale: 0.81
Position: 38.248158, 41.948193, -0.625
Rotation: -0.098514155, -0.040483397, 5.0159893
