MutagenObjectType: PlacedObject
FormKey: 001164:VenworksEncountersOverhaul.esm
Base: 266E65:Starfield.esm
Scale: 0.97999996
Position: 52.59303, 18.954996, 4.561632
Rotation: -0.44484958, 1.2073996, 0.40893775
