MutagenObjectType: PlacedObject
FormKey: 001204:VenworksEncountersOverhaul.esm
Base: 266E64:Starfield.esm
Scale: 0.89
Position: 4.7460456, 26.88419, 8.5418005
Rotation: 1.5820601, 0.38459432, 3.0293639
