MutagenObjectType: PlacedObject
FormKey: 001274:VenworksEncountersOverhaul.esm
Base: 06F74B:Starfield.esm
Layer: 133227:Starfield.esm
Position: 57.907433, 43.754707, 4.589788
Rotation: -0.39999998, -0, 0
