MutagenObjectType: PlacedObject
FormKey: 0012BC:VenworksEncountersOverhaul.esm
Base: 2504F2:Starfield.esm
SourcePackIn: 022B34:Starfield.esm
Layer: 133227:Starfield.esm
Position: 70.4033, 81.921776, 3.308312
Rotation: 0.029289022, -0.029276464, 5.41818
