MutagenObjectType: PlacedObject
FormKey: 00126C:VenworksEncountersOverhaul.esm
Base: 06F39E:Starfield.esm
Layer: 133227:Starfield.esm
Position: 33.612335, 39.482315, 0.8653102
Rotation: 0.030519934, -0.23350254, 6.2761216
