MutagenObjectType: PlacedObject
FormKey: 0012C5:VenworksEncountersOverhaul.esm
Base: 029AC6:Starfield.esm
SourcePackIn: 022BE4:Starfield.esm
Layer: 133227:Starfield.esm
Scale: 1.18
Position: 88.34145, 13.717826, 5.9638667
Rotation: -0.23891771, -0.55171144, 4.583336
