MutagenObjectType: PlacedObject
FormKey: 001205:VenworksEncountersOverhaul.esm
Base: 266E63:Starfield.esm
Scale: 0.7
Position: 4.012126, 26.710646, 8.544695
Rotation: 1.533189, 0.18919921, 2.5489068
