MutagenObjectType: PlacedObject
FormKey: 001292:VenworksEncountersOverhaul.esm
Base: 021710:Starfield.esm
SourcePackIn: 1A30EF:Starfield.esm
Layer: 133227:Starfield.esm
Scale: 0.87
Position: 19.648417, 54.50207, 7.396724
Rotation: -0.25757086, -0.05747741, 0.86006725
