MutagenObjectType: PlacedObject
FormKey: 001201:VenworksEncountersOverhaul.esm
Base: 266E65:Starfield.esm
Scale: 0.94
Position: 2.683225, 26.240116, 8.670044
Rotation: -0.8795092, 0.054941848, 3.9866364
