MutagenObjectType: PlacedObject
FormKey: 0012BB:VenworksEncountersOverhaul.esm
Base: 01C1AA:Starfield.esm
SourcePackIn: 022B34:Starfield.esm
Layer: 133227:Starfield.esm
Scale: 0.79999995
Position: 74.36315, 86.69703, 3.4439173
Rotation: 0.35215488, 0.23385207, 4.7919836
