MutagenObjectType: PlacedObject
FormKey: 00128A:VenworksEncountersOverhaul.esm
Base: 0216FF:Starfield.esm
SourcePackIn: 1A30F4:Starfield.esm
Layer: 133227:Starfield.esm
Scale: 0.87
Position: 35.047836, 15.173975, 8.2126875
Rotation: 0.22310579, -0.14188874, 4.7737403
