MutagenObjectType: PlacedObject
FormKey: 0012D3:VenworksEncountersOverhaul.esm
Base: 02EC77:Starfield.esm
SourcePackIn: 02B065:Starfield.esm
Layer: 133227:Starfield.esm
Scale: 1.3199999
Position: 32.23395, 27.437777, 7.3473587
Rotation: 0.74183315, 0.59286547, 5.3714542
