MutagenObjectType: PlacedObject
FormKey: 0012AE:VenworksEncountersOverhaul.esm
Base: 28D817:Starfield.esm
Layer: 133227:Starfield.esm
Position: 55.489838, 63.909912, 5.4557147
Rotation: 0.85543966, -1.181059, 0.677012
