MutagenObjectType: PlacedObject
FormKey: 001270:VenworksEncountersOverhaul.esm
Base: 29CAAF:Starfield.esm
Layer: 133227:Starfield.esm
Position: 43.199062, 59.898598, -1.3000011
Rotation: -0, -0, 4.712389
