MutagenObjectType: PlacedObject
FormKey: 0012AB:VenworksEncountersOverhaul.esm
Base: 23CF65:Starfield.esm
SourcePackIn: 1A310C:Starfield.esm
Layer: 133227:Starfield.esm
Scale: 1.06
Position: 74.24699, 65.96588, 4.2319107
Rotation: 0.14323156, 0.0570395, 4.712389
