MutagenObjectType: PlacedObject
FormKey: 001262:VenworksEncountersOverhaul.esm
Base: 1C090B:Starfield.esm
Layer: 133227:Starfield.esm
Position: 90.28133, 40.252678, 4.9573383
Rotation: -0, -0.23515096, -0
