MutagenObjectType: PlacedObject
FormKey: 0012BD:VenworksEncountersOverhaul.esm
Base: 029ACF:Starfield.esm
SourcePackIn: 2CE45A:Starfield.esm
Layer: 133227:Starfield.esm
Scale: 1.25
Position: 30.133465, 31.649452, 8.105962
Rotation: -0.6754312, -0.80611545, 2.408375
