MutagenObjectType: PlacedObject
FormKey: 001207:VenworksEncountersOverhaul.esm
Base: 019059:Starfield.esm
Position: 5.2083263, 26.07117, 8.327896
Rotation: 0.40264606, 0.7993685, 1.9255223
