MutagenObjectType: PlacedObject
FormKey: 001269:VenworksEncountersOverhaul.esm
Base: 06F74C:Starfield.esm
Layer: 133227:Starfield.esm
Position: 47.348133, 23.744333, 4.4402914
Rotation: 1.0367196, -0.21198794, 3.1413813
