MutagenObjectType: PlacedObject
FormKey: 001297:VenworksEncountersOverhaul.esm
Base: 021710:Starfield.esm
SourcePackIn: 1A30D1:Starfield.esm
Layer: 133227:Starfield.esm
Position: 29.169497, 12.600655, 8.017023
Rotation: 0, -0, 5.0372596
