MutagenObjectType: PlacedObject
FormKey: 0012E3:VenworksEncountersOverhaul.esm
Base: 06F3A0:Starfield.esm
Layer: 133227:Starfield.esm
Scale: 1.5
Position: 49.664455, 56.78181, 7.587474
Rotation: -0.14758627, 0.16711809, 6.2584624
