MutagenObjectType: PlacedObject
FormKey: 00126B:VenworksEncountersOverhaul.esm
Base: 06F39D:Starfield.esm
Layer: 133227:Starfield.esm
Position: 30.609728, 40.89731, 1.1265602
Rotation: 0.020502217, -0.07358189, 6.281678
