MutagenObjectType: PlacedObject
FormKey: 0012C3:VenworksEncountersOverhaul.esm
Base: 2506C8:Starfield.esm
SourcePackIn: 022B98:Starfield.esm
Layer: 133227:Starfield.esm
Position: 91.71765, 63.156933, 3.9396362
Rotation: 0.058526866, -0.08751605, 6.153552
