MutagenObjectType: PlacedObject
FormKey: 00125C:VenworksEncountersOverhaul.esm
Base: 1C090B:Starfield.esm
Layer: 133227:Starfield.esm
Position: 94.01821, 70.90029, 3.5064812
Rotation: 0.028834363, -0, 4.712389
