MutagenObjectType: PlacedObject
FormKey: 0012C8:VenworksEncountersOverhaul.esm
Base: 2506E5:Starfield.esm
SourcePackIn: 022BE4:Starfield.esm
Layer: 133227:Starfield.esm
Position: 85.21725, 15.39602, 4.81546
Rotation: 0.05852661, 0.0729866, 4.957391
