MutagenObjectType: PlacedObject
FormKey: 00126A:VenworksEncountersOverhaul.esm
Base: 06F74B:Starfield.esm
Layer: 133227:Starfield.esm
Position: 51.153637, 26.092249, 5.8217983
Rotation: -2.094079, -0.56300086, 3.440312
