MutagenObjectType: PlacedObject
FormKey: 0012B5:VenworksEncountersOverhaul.esm
Base: 029B3B:Starfield.esm
SourcePackIn: 2CE45A:Starfield.esm
Layer: 133227:Starfield.esm
Scale: 0.84999996
Position: 70.16373, 53.75302, 6.5475454
Rotation: 0.069600016, 0.06583124, 4.712389
