MutagenObjectType: PlacedObject
FormKey: 001258:VenworksEncountersOverhaul.esm
Base: 1C090B:Starfield.esm
Layer: 133227:Starfield.esm
Position: 56.815727, 91.25632, 4.105442
Rotation: 0.028834363, -0.029978544, 6.282321
