MutagenObjectType: PlacedObject
FormKey: 001272:VenworksEncountersOverhaul.esm
Base: 06F74B:Starfield.esm
Layer: 133227:Starfield.esm
Position: 58.721573, 30.605907, 5.5899987
Rotation: -2.215651, 0.557255, 2.7630062
