MutagenObjectType: PlacedObject
FormKey: 001279:VenworksEncountersOverhaul.esm
Base: 06F74B:Starfield.esm
Layer: 133227:Starfield.esm
Position: 36.38757, 50.14214, 5.9539356
Rotation: 1.944539, -0.83157617, 0.16849583
