MutagenObjectType: PlacedObject
FormKey: 001200:VenworksEncountersOverhaul.esm
Base: 266E66:Starfield.esm
Scale: 1.11
Position: 7.0646706, 26.508991, 8.519589
Rotation: -1.0724359, 0.71770525, 2.1862848
