MutagenObjectType: PlacedObject
FormKey: 0012E6:VenworksEncountersOverhaul.esm
Base: 06F39F:Starfield.esm
Layer: 133227:Starfield.esm
Position: 50.62635, 36.027897, 7.7580605
Rotation: 0.04951811, 0.06272986, 0.0031067347
