MutagenObjectType: PlacedObject
FormKey: 0012CC:VenworksEncountersOverhaul.esm
Base: 01D5B7:Starfield.esm
SourcePackIn: 1A0811:Starfield.esm
Layer: 133227:Starfield.esm
Scale: 0.88
Position: 92.32877, 5.378822, 5.5385046
Rotation: -0.014647355, -0.17398489, 5.8809147
