MutagenObjectType: PlacedObject
FormKey: 001286:VenworksEncountersOverhaul.esm
Base: 00B42C:Starfield.esm
SourcePackIn: 02B136:Starfield.esm
Layer: 133227:Starfield.esm
Position: 83.37906, 42.22604, 6.3190546
Rotation: 0.009886719, 0.015041938, 2.855303
