MutagenObjectType: PlacedObject
FormKey: 0012A9:VenworksEncountersOverhaul.esm
Base: 1A31C1:Starfield.esm
SourcePackIn: 1A310C:Starfield.esm
Layer: 133227:Starfield.esm
Scale: 0.72999996
Position: 64.0607, 57.908455, 6.3030257
Rotation: 0, -0, 4.6005683
