MutagenObjectType: PlacedObject
FormKey: 001294:VenworksEncountersOverhaul.esm
Base: 028D65:Starfield.esm
SourcePackIn: 1A30EF:Starfield.esm
Layer: 133227:Starfield.esm
Scale: 0.87
Position: 19.941051, 57.772564, 7.490274
Rotation: 0.23027956, -0.12978204, 4.7207775
