MutagenObjectType: PlacedObject
FormKey: 00126D:VenworksEncountersOverhaul.esm
Base: 06F3A5:Starfield.esm
Layer: 133227:Starfield.esm
Position: 32.607704, 44.55244, 0.8253343
Rotation: 0.10879311, -0.058596168, 4.712389
