MutagenObjectType: PlacedObject
FormKey: 001298:VenworksEncountersOverhaul.esm
Base: 028D82:Starfield.esm
SourcePackIn: 1A30D1:Starfield.esm
Layer: 133227:Starfield.esm
Scale: 0.96999997
Position: 32.75088, 2.4980092, 7.295678
Rotation: 0.72583294, -0.34569395, 5.253996
