MutagenObjectType: PlacedObject
FormKey: 001209:VenworksEncountersOverhaul.esm
Base: 0139B0:Starfield.esm
Scale: 0.64
Position: 5.028205, 17.982777, 8.04766
Rotation: 0.8913886, 0.8866111, 2.3217037
