MutagenObjectType: PlacedObject
FormKey: 0012E0:VenworksEncountersOverhaul.esm
Base: 06F74B:Starfield.esm
Layer: 133227:Starfield.esm
Position: 45.919395, 59.564186, 4.2184935
Rotation: 0.098554365, -0.016969208, 4.8823485
