MutagenObjectType: PlacedObject
FormKey: 001299:VenworksEncountersOverhaul.esm
Base: 01D1F6:Starfield.esm
SourcePackIn: 1A30D1:Starfield.esm
Layer: 133227:Starfield.esm
Scale: 1.06
Position: 39.299076, 8.544955, 6.1660643
Rotation: -0.05287826, -0.17469814, 0.009199061
