MutagenObjectType: PlacedObject
FormKey: 00125B:VenworksEncountersOverhaul.esm
Base: 23CF65:Starfield.esm
Layer: 133227:Starfield.esm
Position: 97.56403, 65.32275, 3.6630778
Rotation: 0.06241116, -0.028782029, 4.712389
