MutagenObjectType: PlacedObject
FormKey: 0012A6:VenworksEncountersOverhaul.esm
Base: 00B423:Starfield.esm
SourcePackIn: 1A310C:Starfield.esm
Layer: 133227:Starfield.esm
Scale: 1.24
Position: 46.30238, 75.05581, 7.6101522
Rotation: 1.8366411, -0.59384114, 3.2616742
