MutagenObjectType: PlacedObject
FormKey: 000CB4:VenworksEncountersOverhaul.esm
Base: 029B33:Starfield.esm
SourcePackIn: 20B14D:Starfield.esm
Position: 36.81646, 61.73162, 16.362352
Rotation: 2.8038392, -0.4555479, 1.5761203
