MutagenObjectType: PlacedObject
FormKey: 000CC3:VenworksEncountersOverhaul.esm
Base: 029B39:Starfield.esm
Scale: 0.85999995
Position: 51.665043, 53.788544, 12.374764
Rotation: -2.9418652, 0.4462042, 4.4720383
