MutagenObjectType: PlacedObject
FormKey: 000C9D:VenworksEncountersOverhaul.esm
Base: 029B39:Starfield.esm
SourcePackIn: 20B14D:Starfield.esm
Scale: 0.96999997
Position: 33.790092, 54.639515, 19.006662
Rotation: -0.47697902, 0.02244312, 4.39672
