MutagenObjectType: PlacedObject
FormKey: 000CE2:VenworksEncountersOverhaul.esm
Base: 029B3B:Starfield.esm
SourcePackIn: 20B14D:Starfield.esm
Scale: 1.02
Position: 32.39575, 58.072334, 15.866269
Rotation: -0.37194955, -0.4911696, 0.5049542
