MutagenObjectType: PlacedObject
FormKey: 000CF0:VenworksEncountersOverhaul.esm
Base: 029ACB:Starfield.esm
SourcePackIn: 022BDD:Starfield.esm
Scale: 0.53
Position: 31.6742, 68.368576, 21.631777
Rotation: 0.48144728, -0.58264434, 3.2652872
