MutagenObjectType: PlacedObject
FormKey: 000CBB:VenworksEncountersOverhaul.esm
Base: 02EC63:Starfield.esm
SourcePackIn: 2504E0:Starfield.esm
Scale: 0.89
Position: 50.33657, 55.608517, 11.983434
Rotation: 0.2691707, -0.27779457, 4.123167
