MutagenObjectType: PlacedObject
FormKey: 000CEC:VenworksEncountersOverhaul.esm
Base: 029ACF:Starfield.esm
SourcePackIn: 022BDD:Starfield.esm
Scale: 1.3199999
Position: 17.061731, 60.604607, 27.76862
Rotation: -1.5436679, 0.7224837, 2.58787
