MutagenObjectType: PlacedObject
FormKey: 000CB9:VenworksEncountersOverhaul.esm
Base: 02EC65:Starfield.esm
SourcePackIn: 1A07B6:Starfield.esm
Scale: 0.87
Position: 48.69391, 61.149567, 11.254502
Rotation: -0.54985213, -0.0052892067, 0.68851584
