MutagenObjectType: PlacedObject
FormKey: 000CE7:VenworksEncountersOverhaul.esm
Base: 029ACF:Starfield.esm
SourcePackIn: 02A314:Starfield.esm
Scale: 1.0799999
Position: 24.87053, 42.61209, 18.972712
Rotation: 1.544975, 0.023271814, 1.0847543
