MutagenObjectType: PlacedObject
FormKey: 000CE3:VenworksEncountersOverhaul.esm
Base: 029AC9:Starfield.esm
SourcePackIn: 022BDD:Starfield.esm
Scale: 0.53
Position: 30.518856, 73.6247, 21.672089
Rotation: 0.21035661, -0.6497859, 2.5511382
