MutagenObjectType: PlacedObject
FormKey: 000CA8:VenworksEncountersOverhaul.esm
Base: 029B39:Starfield.esm
SourcePackIn: 20B14D:Starfield.esm
Scale: 1.17
Position: 36.174706, 59.762974, 17.799248
Rotation: 1.427239, 1.4233507, 3.0394464
