MutagenObjectType: PlacedObject
FormKey: 000CC4:VenworksEncountersOverhaul.esm
Base: 02EC79:Starfield.esm
Scale: 1.25
Position: 44.949722, 56.035664, 13.354403
Rotation: -2.9204116, 0.0968533, 0.02802816
