MutagenObjectType: PlacedObject
FormKey: 000CCC:VenworksEncountersOverhaul.esm
Base: 26BA64:Starfield.esm
SourcePackIn: 2310A8:Starfield.esm
Position: 30.353107, 59.24098, 21.782871
Rotation: -0.7462609, -0.8645736, 2.249391
