MutagenObjectType: PlacedObject
FormKey: 000CCE:VenworksEncountersOverhaul.esm
Base: 029ACB:Starfield.esm
SourcePackIn: 2506C8:Starfield.esm
Scale: 1.1999999
Position: 41.73489, 62.511642, 12.82486
Rotation: 0.13731457, -0.36266443, 4.757246
