MutagenObjectType: PlacedObject
FormKey: 000CD1:VenworksEncountersOverhaul.esm
Base: 029B33:Starfield.esm
SourcePackIn: 2506C8:Starfield.esm
Scale: 0.87
Position: 42.59582, 58.92102, 11.575938
Rotation: -0.22335297, -0.58874357, 5.9487534
