MutagenObjectType: PlacedObject
FormKey: 000CF3:VenworksEncountersOverhaul.esm
Base: 029B27:Starfield.esm
SourcePackIn: 20B14D:Starfield.esm
Scale: 0.75
Position: 38.10261, 54.582508, 14.040156
Rotation: -2.7585354, 0.3250645, 5.920429
