MutagenObjectType: PlacedObject
FormKey: 000CF2:VenworksEncountersOverhaul.esm
Base: 029B27:Starfield.esm
SourcePackIn: 20B14D:Starfield.esm
Scale: 0.96999997
Position: 32.25594, 51.401264, 16.962004
Rotation: 1.7019844, -0.40263158, 0.022131978
