MutagenObjectType: PlacedObject
FormKey: 000CD0:VenworksEncountersOverhaul.esm
Base: 029B3B:Starfield.esm
SourcePackIn: 20B14D:Starfield.esm
Scale: 1.17
Position: 31.759563, 54.629616, 19.896431
Rotation: 2.9223177, -0.35097915, 3.2420819
