MutagenObjectType: PlacedObject
FormKey: 000CC2:VenworksEncountersOverhaul.esm
Base: 02EC77:Starfield.esm
SourcePackIn: 022BDD:Starfield.esm
Scale: 1.0699999
Position: 13.201747, 62.407616, 28.802696
Rotation: -0.8136685, 0.82257205, 3.2452257
