MutagenObjectType: PlacedObject
FormKey: 000CCD:VenworksEncountersOverhaul.esm
Base: 02EC77:Starfield.esm
SourcePackIn: 022B98:Starfield.esm
Scale: 0.76
Position: 49.870575, 61.134533, 12.523653
Rotation: 0.081908286, 1.0426872, 5.8157926
