MutagenObjectType: PlacedObject
FormKey: 000CE4:VenworksEncountersOverhaul.esm
Base: 01D598:Starfield.esm
Scale: 1.75
Position: 28.04914, 68.33573, 23.6008
Rotation: 3.1188555, 0.04196093, 4.836958
