MutagenObjectType: PlacedObject
FormKey: 000CFD:VenworksEncountersOverhaul.esm
Base: 029B2D:Starfield.esm
Scale: 0.96
Position: 20.663023, 58.868458, 25.273977
Rotation: -3.0500855, 0.040088993, 5.8860364
