MutagenObjectType: PlacedObject
FormKey: 000C9E:VenworksEncountersOverhaul.esm
Base: 02EC77:Starfield.esm
SourcePackIn: 022BDD:Starfield.esm
Scale: 0.90999997
Position: 13.261009, 63.95796, 28.684498
Rotation: 0.2838054, 0.08737076, 3.9543002
