MutagenObjectType: PlacedObject
FormKey: 000CF6:VenworksEncountersOverhaul.esm
Base: 02EC63:Starfield.esm
SourcePackIn: 20B14D:Starfield.esm
Scale: 0.96999997
Position: 36.130844, 52.206776, 15.40363
Rotation: -0.07651991, -0.2064625, 1.7471263
