MutagenObjectType: PlacedObject
FormKey: 000CF4:VenworksEncountersOverhaul.esm
Base: 029B33:Starfield.esm
SourcePackIn: 1A0803:Starfield.esm
Scale: 0.84999996
Position: 40.06838, 36.401375, 15.346097
Rotation: 0.06289152, -0.24884407, 2.784223
