MutagenObjectType: PlacedObject
FormKey: 000C9A:VenworksEncountersOverhaul.esm
Base: 02EC63:Starfield.esm
Scale: 1.25
Position: 38.38043, 51.73709, 14.179162
Rotation: -3.006704, -0.31377503, 3.5299706
