MutagenObjectType: PlacedObject
FormKey: 000C99:VenworksEncountersOverhaul.esm
Base: 029ACF:Starfield.esm
SourcePackIn: 02A314:Starfield.esm
Scale: 0.78999996
Position: 21.02216, 41.167255, 22.03694
Rotation: -1.7320297, -0.9152398, 2.2414794
