MutagenObjectType: PlacedObject
FormKey: 000C9B:VenworksEncountersOverhaul.esm
Base: 029B27:Starfield.esm
SourcePackIn: 20B14D:Starfield.esm
Scale: 0.75
Position: 39.494392, 59.356197, 14.673948
Rotation: -2.9756465, 0.505999, 4.5756054
