MutagenObjectType: PlacedObject
FormKey: 000C9C:VenworksEncountersOverhaul.esm
Base: 029B33:Starfield.esm
SourcePackIn: 20B14D:Starfield.esm
Scale: 1.02
Position: 33.191395, 57.985138, 13.1557255
Rotation: -0.2155893, 0.0067173187, 2.8127034
