MutagenObjectType: PlacedObject
FormKey: 000CF7:VenworksEncountersOverhaul.esm
Base: 029B2D:Starfield.esm
Scale: 0.89
Position: 31.337376, 37.344536, 15.128609
Rotation: 0.62429786, -0.23898432, 3.1984477
