MutagenObjectType: PlacedObject
FormKey: 000C98:VenworksEncountersOverhaul.esm
Base: 029B3B:Starfield.esm
SourcePackIn: 23109B:Starfield.esm
Scale: 1.11
Position: 32.357323, 70.045494, 20.403711
Rotation: 0.3691197, -0.6525991, 1.4181783
