MutagenObjectType: PlacedObject
FormKey: 000C91:VenworksEncountersOverhaul.esm
Base: 01C1AA:Starfield.esm
SourcePackIn: 19F90F:Starfield.esm
Scale: 1.3
Position: 43.283634, 44.883663, 14.954349
Rotation: -2.7043438, 0.9539244, 4.876128
