MutagenObjectType: PlacedObject
FormKey: 000CD2:VenworksEncountersOverhaul.esm
Base: 02EC77:Starfield.esm
SourcePackIn: 1A07B6:Starfield.esm
Scale: 0.90999997
Position: 40.65672, 71.57905, 14.5231495
Rotation: 0.7175321, -0.87575513, 4.629
