MutagenObjectType: PlacedObject
FormKey: 000CE5:VenworksEncountersOverhaul.esm
Base: 01C1AC:Starfield.esm
Scale: 1.0699999
Position: 41.34953, 67.27027, 11.1834545
Rotation: 2.237438, 0.99139124, 1.972592
