MutagenObjectType: PlacedObject
FormKey: 000CDE:VenworksEncountersOverhaul.esm
Base: 029B27:Starfield.esm
SourcePackIn: 2506C8:Starfield.esm
Scale: 1.17
Position: 45.494434, 57.973663, 10.689757
Rotation: 0.05255669, 0.7738696, 5.878139
