MutagenObjectType: PlacedObject
FormKey: 000CDD:VenworksEncountersOverhaul.esm
Base: 26BA64:Starfield.esm
SourcePackIn: 2310A8:Starfield.esm
Position: 32.9124, 63.44522, 22.569105
Rotation: -0.5576413, -0.4998772, 2.0412369
