MutagenObjectType: PlacedObject
FormKey: 000CCA:VenworksEncountersOverhaul.esm
Base: 029B37:Starfield.esm
Scale: 0.81
Position: 39.15393, 60.55163, 16.947334
Rotation: -2.1758966, -0.16041782, 3.4148648
