MutagenObjectType: PlacedObject
FormKey: 000D2F:VenworksEncountersOverhaul.esm
Base: 029B39:Starfield.esm
SourcePackIn: 022BDD:Starfield.esm
Scale: 0.91999996
Position: 16.677553, 67.2299, 27.25108
Rotation: 1.1172849, 0.33947307, 0.6601452
