MutagenObjectType: PlacedObject
FormKey: 000DBB:VenworksEncountersOverhaul.esm
Base: 029ACF:Starfield.esm
SourcePackIn: 2CE45A:Starfield.esm
Scale: 1.25
Position: 55.946167, 40.507572, 13.133158
Rotation: 0.80002666, 0.5930721, 5.5890484
