MutagenObjectType: PlacedObject
FormKey: 000D37:VenworksEncountersOverhaul.esm
Base: 029B37:Starfield.esm
Scale: 1.22
Position: 54.15241, 32.626366, 16.73252
Rotation: -2.500151, -0.10014427, 3.7249594
