MutagenObjectType: PlacedObject
FormKey: 000DAE:VenworksEncountersOverhaul.esm
Base: 029B33:Starfield.esm
Position: 70.7622, 19.351868, 12.3921175
Rotation: 0.28974864, 0.41447726, 4.395458
