MutagenObjectType: PlacedObject
FormKey: 000D1B:VenworksEncountersOverhaul.esm
Base: 029B27:Starfield.esm
SourcePackIn: 1A07B6:Starfield.esm
Scale: 0.87
Position: 38.56457, 57.275215, 14.229738
Rotation: 2.127496, 0.06475289, 3.7709112
