MutagenObjectType: PlacedObject
FormKey: 000D01:VenworksEncountersOverhaul.esm
Base: 029AD1:Starfield.esm
SourcePackIn: 1A0803:Starfield.esm
Scale: 1.25
Position: 43.861042, 36.98751, 16.203695
Rotation: -0.07052822, -0.7401702, 2.023615
