MutagenObjectType: PlacedObject
FormKey: 000D35:VenworksEncountersOverhaul.esm
Base: 029B37:Starfield.esm
Scale: 1.22
Position: 41.148357, 30.877062, 16.200983
Rotation: -1.891644, 0.41558987, 0.3468482
