MutagenObjectType: PlacedObject
FormKey: 000D3D:VenworksEncountersOverhaul.esm
Base: 01C1B0:Starfield.esm
Scale: 0.96
Position: 22.164658, 26.088825, 21.302723
Rotation: -0.12129937, 0.35239986, 5.01522
