MutagenObjectType: PlacedObject
FormKey: 000D3F:VenworksEncountersOverhaul.esm
Base: 029B2D:Starfield.esm
Scale: 0.81
Position: 45.791225, 81.88019, 13.42185
Rotation: 1.7358029, -0.5680032, 2.651428
