MutagenObjectType: PlacedObject
FormKey: 000D19:VenworksEncountersOverhaul.esm
Base: 02EC65:Starfield.esm
SourcePackIn: 2504E0:Starfield.esm
Scale: 1.05
Position: 50.54071, 57.048164, 11.297771
Rotation: 0.3398424, -0.12911062, 0.3140754
