MutagenObjectType: PlacedObject
FormKey: 000D21:VenworksEncountersOverhaul.esm
Base: 029B27:Starfield.esm
SourcePackIn: 20B14D:Starfield.esm
Position: 34.752357, 59.56671, 18.484402
Rotation: 1.6184891, 0.8106893, 0.96349674
