MutagenObjectType: PlacedObject
FormKey: 000DA2:VenworksEncountersOverhaul.esm
Base: 029ACF:Starfield.esm
SourcePackIn: 022B34:Starfield.esm
Scale: 0.79999995
Position: 10.513008, 3.8223171, 26.474895
Rotation: -0, -0.188177, 5.1907206
