MutagenObjectType: PlacedObject
FormKey: 000DAB:VenworksEncountersOverhaul.esm
Base: 01C3B4:Starfield.esm
Scale: 1.01
Position: 66.80645, 30.154598, 9.539656
Rotation: -0.21551462, 0.14599138, 5.6013417
