MutagenObjectType: PlacedObject
FormKey: 000D0E:VenworksEncountersOverhaul.esm
Base: 02EC77:Starfield.esm
SourcePackIn: 1A07B6:Starfield.esm
Scale: 0.90999997
Position: 53.046665, 70.1912, 11.528895
Rotation: -2.9881968, 0.5487657, 4.591596
