MutagenObjectType: PlacedObject
FormKey: 000D0A:VenworksEncountersOverhaul.esm
Base: 029B39:Starfield.esm
SourcePackIn: 2506C8:Starfield.esm
Scale: 0.85999995
Position: 41.966026, 57.508144, 13.769115
Rotation: -0.12055127, 0.22534956, 6.2158985
