MutagenObjectType: PlacedObject
FormKey: 000DB7:VenworksEncountersOverhaul.esm
Base: 02EC7B:Starfield.esm
SourcePackIn: 02B065:Starfield.esm
Scale: 1.3199999
Position: 58.905365, 40.926853, 12.683588
Rotation: 0.31627458, 0.23266917, 6.0669847
