MutagenObjectType: PlacedObject
FormKey: 000D06:VenworksEncountersOverhaul.esm
Base: 01D597:Starfield.esm
SourcePackIn: 2310A8:Starfield.esm
Position: 27.214327, 63.07269, 23.254663
Rotation: -0.36557618, -0.3117118, 0.09063152
