MutagenObjectType: PlacedObject
FormKey: 000D23:VenworksEncountersOverhaul.esm
Base: 029ACF:Starfield.esm
SourcePackIn: 02A314:Starfield.esm
Scale: 1.13
Position: 34.152706, 44.848305, 16.35169
Rotation: -0.09346173, 1.0902529, 3.2318301
