MutagenObjectType: PlacedObject
FormKey: 000D2D:VenworksEncountersOverhaul.esm
Base: 029AC9:Starfield.esm
SourcePackIn: 2506C8:Starfield.esm
Scale: 0.77
Position: 41.27063, 60.19117, 12.932618
Rotation: 0.7923873, 0.5594059, 2.833944
