MutagenObjectType: PlacedObject
FormKey: 000D96:VenworksEncountersOverhaul.esm
Base: 23CF65:Starfield.esm
Position: 75.303276, 62.094242, 8.222209
Rotation: 0, -0, 0.29586345
