MutagenObjectType: PlacedObject
FormKey: 000D29:VenworksEncountersOverhaul.esm
Base: 01C3B4:Starfield.esm
Scale: 1.0699999
Position: 34.643196, 63.385185, 12.274827
Rotation: -0.18262012, 0.5360048, 0.89779896
