MutagenObjectType: PlacedObject
FormKey: 000D9C:VenworksEncountersOverhaul.esm
Base: 029B33:Starfield.esm
SourcePackIn: 1A0803:Starfield.esm
Scale: 0.84999996
Position: 52.22392, 96.08005, 9.220055
Rotation: -0.05851967, -0.17371187, 4.7618384
