MutagenObjectType: PlacedObject
FormKey: 000D76:VenworksEncountersOverhaul.esm
Base: 029ACF:Starfield.esm
SourcePackIn: 1A0803:Starfield.esm
Scale: 1.25
Position: 94.9185, 13.458099, 9.289783
Rotation: -0.93438613, 0.179045, 3.3832822
