MutagenObjectType: PlacedObject
FormKey: 000D7D:VenworksEncountersOverhaul.esm
Base: 029ACF:Starfield.esm
SourcePackIn: 1A0845:Starfield.esm
Position: 72.09135, 72.04798, 9.075278
Rotation: -0, -0.10218222, 0.16257568
