MutagenObjectType: PlacedObject
FormKey: 000D16:VenworksEncountersOverhaul.esm
Base: 02EC7B:Starfield.esm
SourcePackIn: 1A07B6:Starfield.esm
Scale: 0.90999997
Position: 44.31114, 72.06928, 13.112764
Rotation: -3.0153546, 0.075820744, 0.39420694
