MutagenObjectType: PlacedObject
FormKey: 000D2E:VenworksEncountersOverhaul.esm
Base: 029AC9:Starfield.esm
SourcePackIn: 02B039:Starfield.esm
Scale: 1.25
Position: 38.89553, 74.14955, 17.3704
Rotation: 0.48634124, -0.5296074, 4.378484
