MutagenObjectType: PlacedObject
FormKey: 000D7C:VenworksEncountersOverhaul.esm
Base: 2506C8:Starfield.esm
SourcePackIn: 1A0845:Starfield.esm
Position: 63.014786, 86.13109, 8.921631
Rotation: 0.07310291, -0.11634647, 1.7291121
