MutagenObjectType: PlacedObject
FormKey: 000D65:VenworksEncountersOverhaul.esm
Base: 01C3B8:Starfield.esm
Scale: 1.03
Position: 60.176304, 33.721638, 10.548195
Rotation: -0.45855242, -0.1798037, 3.116025
