MutagenObjectType: PlacedObject
FormKey: 000D34:VenworksEncountersOverhaul.esm
Base: 01D597:Starfield.esm
Position: 17.35004, 50.224747, 25.08586
Rotation: -0.14504044, -0.28961483, 4.5910864
