MutagenObjectType: PlacedObject
FormKey: 000D6D:VenworksEncountersOverhaul.esm
Base: 029ACF:Starfield.esm
SourcePackIn: 02A3B1:Starfield.esm
Scale: 1.02
Position: 23.772438, 14.950487, 26.417732
Rotation: 1.311096, -0.43767744, 3.2069037
