MutagenObjectType: PlacedObject
FormKey: 000D73:VenworksEncountersOverhaul.esm
Base: 029B3B:Starfield.esm
SourcePackIn: 2CE45A:Starfield.esm
Scale: 0.84999996
Position: 83.820175, 13.571155, 8.829129
Rotation: 0.087655514, -0.014591144, 3.4066684
