MutagenObjectType: PlacedObject
FormKey: 000D02:VenworksEncountersOverhaul.esm
Base: 029AC6:Starfield.esm
SourcePackIn: 022BDD:Starfield.esm
Scale: 1.16
Position: 14.419647, 69.96451, 27.927633
Rotation: -1.5285931, -0.78595036, 6.204953
