MutagenObjectType: PlacedObject
FormKey: 000D87:VenworksEncountersOverhaul.esm
Base: 02EC79:Starfield.esm
SourcePackIn: 1A0845:Starfield.esm
Position: 72.80499, 92.74351, 7.786691
Rotation: 0.10217149, -0.043688376, 0.63114715
