MutagenObjectType: PlacedObject
FormKey: 000D42:VenworksEncountersOverhaul.esm
Base: 01C3B4:Starfield.esm
Position: 22.633284, 79.21352, 22.448296
Rotation: -2.9110732, 0.18142486, 4.802184
