MutagenObjectType: PlacedObject
FormKey: 000DAC:VenworksEncountersOverhaul.esm
Base: 029B2B:Starfield.esm
Scale: 0.89
Position: 72.551956, 12.70533, 11.428958
Rotation: -0.1465979, -0.0947439, 5.2163963
