MutagenObjectType: PlacedObject
FormKey: 000DA3:VenworksEncountersOverhaul.esm
Base: 02EC7B:Starfield.esm
SourcePackIn: 022B34:Starfield.esm
Scale: 0.79999995
Position: 8.555963, 4.244377, 26.987442
Rotation: 0.058519583, -0.37604213, 5.8395753
