MutagenObjectType: PlacedObject
FormKey: 000D2C:VenworksEncountersOverhaul.esm
Base: 01C3B4:Starfield.esm
Scale: 0.96
Position: 22.04691, 50.20354, 18.517305
Rotation: 0.67492557, -0.4628877, 3.1667988
