MutagenObjectType: PlacedObject
FormKey: 000D03:VenworksEncountersOverhaul.esm
Base: 01C1AA:Starfield.esm
SourcePackIn: 02B039:Starfield.esm
Scale: 1.02
Position: 37.48349, 73.00033, 18.525066
Rotation: 0.51268727, -0.00065919565, 2.8888097
