MutagenObjectType: PlacedObject
FormKey: 000D80:VenworksEncountersOverhaul.esm
Base: 02EC7B:Starfield.esm
SourcePackIn: 1A0845:Starfield.esm
Scale: 1.16
Position: 65.47049, 79.93214, 9.034576
Rotation: 0.07310269, -0.058370598, 1.2312375
