MutagenObjectType: PlacedObject
FormKey: 000D0B:VenworksEncountersOverhaul.esm
Base: 029ACD:Starfield.esm
SourcePackIn: 022BDD:Starfield.esm
Scale: 0.90999997
Position: 20.758501, 68.45945, 27.095747
Rotation: 0.28693697, -0.056085687, 3.5432372
