MutagenObjectType: PlacedObject
FormKey: 000D36:VenworksEncountersOverhaul.esm
Base: 029B3D:Starfield.esm
Scale: 1.22
Position: 46.98648, 31.065742, 16.583166
Rotation: -1.9176898, 0.5573472, 0.29128644
