MutagenObjectType: PlacedObject
FormKey: 000D91:VenworksEncountersOverhaul.esm
Base: 23109F:Starfield.esm
SourcePackIn: 02A3B6:Starfield.esm
Position: 89.036446, 87.55465, 7.0704956
Rotation: 0.07310304, -0.18768574, 3.2474458
