MutagenObjectType: PlacedObject
FormKey: 000D48:VenworksEncountersOverhaul.esm
Base: 2C5606:Starfield.esm
Layer: 1681B4:Starfield.esm
Position: 91.81712, 53.268055, 10.22868
Rotation: 0, -0, 3.8223894
