MutagenObjectType: PlacedObject
FormKey: 000D07:VenworksEncountersOverhaul.esm
Base: 029B33:Starfield.esm
SourcePackIn: 19F90A:Starfield.esm
Scale: 0.76
Position: 49.58168, 47.81302, 11.682184
Rotation: -0.8715358, -0.39142343, 4.3799295
