MutagenObjectType: PlacedObject
FormKey: 000D55:VenworksEncountersOverhaul.esm
Base: 02EC7B:Starfield.esm
SourcePackIn: 022ADC:Starfield.esm
Scale: 1.04
Position: 95.80049, 31.773848, 8.455329
Rotation: -0.46283484, 0.17819037, 5.3410583
