MutagenObjectType: PlacedObject
FormKey: 000D38:VenworksEncountersOverhaul.esm
Base: 029B37:Starfield.esm
Scale: 1.22
Position: 64.71018, 15.551196, 15.371748
Rotation: 2.990803, 0.36089492, 0.9720553
