MutagenObjectType: PlacedObject
FormKey: 000D6B:VenworksEncountersOverhaul.esm
Base: 029ACD:Starfield.esm
SourcePackIn: 02A3B1:Starfield.esm
Scale: 0.85999995
Position: 23.365597, 6.4446225, 25.402458
Rotation: -0.088301286, 0.13712995, 1.9922522
