MutagenObjectType: PlacedObject
FormKey: 000D88:VenworksEncountersOverhaul.esm
Base: 02EC7B:Starfield.esm
SourcePackIn: 1A0845:Starfield.esm
Position: 65.86989, 74.26203, 9.156911
Rotation: 0.09500924, 0.13616984, 6.2532086
