MutagenObjectType: PlacedObject
FormKey: 000D12:VenworksEncountersOverhaul.esm
Base: 029AC6:Starfield.esm
SourcePackIn: 022B28:Starfield.esm
Scale: 1.09
Position: 46.685883, 48.95079, 13.049763
Rotation: 0.14851083, -0.047026865, 4.047273
