MutagenObjectType: PlacedObject
FormKey: 000DA5:VenworksEncountersOverhaul.esm
Base: 01C1AA:Starfield.esm
SourcePackIn: 022B34:Starfield.esm
Scale: 0.79999995
Position: 11.054457, 2.009273, 26.437717
Rotation: -0.2297406, -0.5237938, 1.0340407
