MutagenObjectType: PlacedObject
FormKey: 000C36:VenworksEncountersOverhaul.esm
Base: 029ACF:Starfield.esm
SourcePackIn: 022B77:Starfield.esm
Layer: 133227:Starfield.esm
Scale: 1.25
Position: 3.357251, -6.9258766, 9.451408
Rotation: 0.043916907, 0.029260173, 3.3131177
