MutagenObjectType: PlacedObject
FormKey: 000C35:VenworksEncountersOverhaul.esm
Base: 029AC9:Starfield.esm
SourcePackIn: 022B77:Starfield.esm
Layer: 133227:Starfield.esm
Scale: 0.71
Position: 0.38836232, -7.3684797, 9.145045
Rotation: 1.4770497, 0.81682694, 6.169743
