MutagenObjectType: PlacedObject
FormKey: 0013AE:VenworksEncountersOverhaul.esm
Base: 20B97D:Starfield.esm
Layer: 2639D6:Starfield.esm
Position: 36.66506, 33.331047, 13.805666
Rotation: -0.000976068, 0.0010402297, 2.322355
