MutagenObjectType: PlacedObject
FormKey: 00134A:VenworksEncountersOverhaul.esm
Base: 161618:Starfield.esm
Layer: 246A96:Starfield.esm
Position: 45.459, 48.812565, 13.889452
Rotation: 0.14362955, -0.23579203, 4.413493
