MutagenObjectType: PlacedObject
FormKey: 00139A:VenworksEncountersOverhaul.esm
Base: 2AF921:Starfield.esm
ReferenceGroup: 047987:Starfield.esm
Layer: 2639D6:Starfield.esm
Scale: 0.21
Position: 34.082535, 49.420494, 16.592085
Rotation: 1.5707964, -0.01732792, 3.141593
