MutagenObjectType: PlacedObject
FormKey: 0013B0:VenworksEncountersOverhaul.esm
Base: 133D11:Starfield.esm
Layer: 2639D6:Starfield.esm
Position: 36.807438, 33.89442, 13.824316
Rotation: 0, -0, 1.607783
