MutagenObjectType: PlacedObject
FormKey: 001359:VenworksEncountersOverhaul.esm
Base: 25560C:Starfield.esm
Layer: 2639D6:Starfield.esm
Position: 33.879627, 47.85962, 14.497355
Rotation: 0, -0, 6.178171
