MutagenObjectType: PlacedObject
FormKey: 00136C:VenworksEncountersOverhaul.esm
Base: 20B97F:Starfield.esm
Layer: 2639D6:Starfield.esm
Position: 30.438469, 30.521734, 13.8122635
Rotation: 0, -0, 3.734328
