MutagenObjectType: PlacedObject
FormKey: 001377:VenworksEncountersOverhaul.esm
Base: 2521D3:Starfield.esm
Position: 40.17172, 50.092144, 13.016446
Rotation: 0, -0, 3.3239818
