MutagenObjectType: PlacedObject
FormKey: 001355:VenworksEncountersOverhaul.esm
Base: 25560C:Starfield.esm
Layer: 2639D6:Starfield.esm
Position: 33.775673, 46.83592, 13.141307
Rotation: 0, -0, 4.7781706
