MutagenObjectType: PlacedObject
FormKey: 0013D3:VenworksEncountersOverhaul.esm
Base: 2A0E3F:Starfield.esm
ReferenceGroup: 0479C7:Starfield.esm
Position: 36.09698, 31.412678, 13.201853
Rotation: -1.4539387, 0.16779508, 3.222077
