MutagenObjectType: PlacedObject
FormKey: 00135C:VenworksEncountersOverhaul.esm
Base: 2A0E3C:Starfield.esm
Layer: 2639D6:Starfield.esm
Position: 33.8915, 47.16302, 14.754207
Rotation: 0.0010750832, 9.721851E-06, 0.73463714
