MutagenObjectType: PlacedObject
FormKey: 001365:VenworksEncountersOverhaul.esm
XALG: 0x0800000000000000
Base: 1AF661:Starfield.esm
Layer: 2639D6:Starfield.esm
Position: 29.984001, 30.6367, 13.003694
Rotation: 0.0005952198, -0.00052411447, 1.3449477
