MutagenObjectType: PlacedObject
FormKey: 001367:VenworksEncountersOverhaul.esm
Base: 185A5E:Starfield.esm
Layer: 2639D6:Starfield.esm
Scale: 1.4
Position: 30.296211, 30.815887, 13.813499
Rotation: 0, -0, 4.9529877
