MutagenObjectType: PlacedObject
FormKey: 001353:VenworksEncountersOverhaul.esm
Base: 23753F:Starfield.esm
Layer: 2639D6:Starfield.esm
Scale: 0.79999995
Position: 33.762222, 47.77459, 13.141307
Rotation: 0, -0, 3.094343
