MutagenObjectType: PlacedObject
FormKey: 001393:VenworksEncountersOverhaul.esm
Base: 2AF921:Starfield.esm
Layer: 2639D6:Starfield.esm
Scale: 0.21
Position: 35.74384, 39.354538, 16.592085
Rotation: 1.5707964, -0.01732792, 3.141593
