MutagenObjectType: PlacedObject
FormKey: 0013AB:VenworksEncountersOverhaul.esm
Base: 142DB5:Starfield.esm
ReferenceGroup: 047997:Starfield.esm
Layer: 246A96:Starfield.esm
Scale: 0.65999997
Position: 37.007427, 51.353764, 12.105417
Rotation: -1.5880661, -1.5507942, 0.017266246
