MutagenObjectType: PlacedObject
FormKey: 001392:VenworksEncountersOverhaul.esm
Base: 2AF921:Starfield.esm
Layer: 2639D6:Starfield.esm
Scale: 0.19999999
Position: 36.1571, 30.104778, 16.597944
Rotation: 1.5707964, -0.017327733, 4.712389
