MutagenObjectType: PlacedObject
FormKey: 001354:VenworksEncountersOverhaul.esm
Base: 075D18:Starfield.esm
Layer: 2639D6:Starfield.esm
Position: 33.79018, 47.519855, 14.4992895
Rotation: 0, -0, 2.9669793
