MutagenObjectType: PlacedObject
FormKey: 001364:VenworksEncountersOverhaul.esm
Base: 12A780:Starfield.esm
Position: 36.506287, 36.431435, 12.999756
Rotation: 0, -0, 1.0500003
