MutagenObjectType: PlacedObject
FormKey: 001386:VenworksEncountersOverhaul.esm
Base: 2024A5:Starfield.esm
Layer: 2639D6:Starfield.esm
Position: 37.987255, 44.14261, 12.9931555
Rotation: -1.5707964, 1.0249777, 3.1415925
