MutagenObjectType: PlacedObject
FormKey: 001387:VenworksEncountersOverhaul.esm
Base: 0B33B9:Starfield.esm
Position: 35.265846, 30.652126, 12.999756
Rotation: 0, -0, 1.8107963
