MutagenObjectType: PlacedObject
FormKey: 001388:VenworksEncountersOverhaul.esm
Base: 2AC1F2:Starfield.esm
Layer: 2639D6:Starfield.esm
Position: 36.192646, 53.73818, 12.910968
Rotation: 0, -0, 0.062383875
