MutagenObjectType: PlacedObject
FormKey: 001357:VenworksEncountersOverhaul.esm
Base: 2A0E3F:Starfield.esm
Layer: 2639D6:Starfield.esm
Position: 33.891705, 47.162685, 14.506816
Rotation: 0, -0, 1.2581494
