MutagenObjectType: PlacedObject
FormKey: 001350:VenworksEncountersOverhaul.esm
Base: 237542:Starfield.esm
Layer: 2639D6:Starfield.esm
Scale: 0.79999995
Position: 33.82241, 47.58905, 13.597215
Rotation: 0, -0, 1.4961941
