MutagenObjectType: PlacedObject
FormKey: 00136E:VenworksEncountersOverhaul.esm
Base: 063868:Starfield.esm
Position: 32.483936, 31.701641, 12.999756
Rotation: 0, -0, 1.1775002
