MutagenObjectType: PlacedObject
FormKey: 0013CD:VenworksEncountersOverhaul.esm
Base: 1EB3B6:Starfield.esm
Layer: 2639D6:Starfield.esm
Position: 36.396324, 33.01472, 13.799805
Rotation: 0.00063965895, -0.00041875412, 2.4077823
