MutagenObjectType: PlacedObject
FormKey: 001348:VenworksEncountersOverhaul.esm
XALG: 0x0800000000000000
Base: 1C117A:Starfield.esm
Position: 35.721294, 52.440945, 12.780691
Rotation: -2.4159643E-05, 6.229247E-05, 0.31067058
