MutagenObjectType: PlacedObject
FormKey: 001380:VenworksEncountersOverhaul.esm
Base: 2A0E3C:Starfield.esm
Layer: 2639D6:Starfield.esm
Position: 38.710583, 45.00988, 14.713697
Rotation: -0.0008547495, 0.0006521519, 4.537026
