MutagenObjectType: PlacedObject
FormKey: 0013A2:VenworksEncountersOverhaul.esm
Base: 2C5F48:Starfield.esm
ReferenceGroup: 047990:Starfield.esm
Layer: 246A96:Starfield.esm
Scale: 0.78999996
Position: 37.366287, 50.710224, 12.1054125
Rotation: -0.01999911, -0.00034531063, 4.712389
