MutagenObjectType: PlacedObject
FormKey: 0013D2:VenworksEncountersOverhaul.esm
Base: 2A0E3C:Starfield.esm
ReferenceGroup: 0479C7:Starfield.esm
Position: 35.721474, 31.432404, 13.464218
Rotation: 0.0009242768, 0.0009348473, 0.08193403
