MutagenObjectType: PlacedObject
FormKey: 00135F:VenworksEncountersOverhaul.esm
Base: 0B33B9:Starfield.esm
Position: 33.830124, 45.642418, 12.954329
Rotation: 0, 0, 2.8107958
