MutagenObjectType: PlacedObject
FormKey: 00131F:VenworksEncountersOverhaul.esm
Base: 0BC463:Starfield.esm
Position: 38.347076, 47.165066, 14.103469
Rotation: -1.5704803, -0.49056712, 1.5698256
