MutagenObjectType: PlacedObject
FormKey: 0013CF:VenworksEncountersOverhaul.esm
Base: 2AC95C:Starfield.esm
Position: 35.619717, 30.521385, 14.240332
Rotation: 0, -0, 3.5280018
