MutagenObjectType: PlacedObject
FormKey: 001368:VenworksEncountersOverhaul.esm
Base: 06387D:Starfield.esm
Layer: 2639D6:Starfield.esm
Position: 30.052402, 30.469599, 12.9931555
Rotation: 0, -0, 1.5385755
