MutagenObjectType: PlacedObject
FormKey: 001360:VenworksEncountersOverhaul.esm
Base: 0304BF:Starfield.esm
Position: 36.7086, 46.41042, 13.104456
Rotation: 0, -0, 0.6214172
