MutagenObjectType: PlacedObject
FormKey: 0013E3:VenworksEncountersOverhaul.esm
Base: 1FA9FE:Starfield.esm
Position: 38.796772, 60.900707, 8.518595
Rotation: 0.5235988, 0, 3.1415927
