MutagenObjectType: PlacedObject
FormKey: 0013C0:VenworksEncountersOverhaul.esm
Base: 2C5F48:Starfield.esm
ReferenceGroup: 047998:Starfield.esm
Layer: 246A96:Starfield.esm
Scale: 0.78999996
Position: 32.5, 40.25, 17
Rotation: 3.1243227, -1.5507942, 0.017266253
