MutagenObjectType: PlacedObject
FormKey: 0013A9:VenworksEncountersOverhaul.esm
Base: 2C5F46:Starfield.esm
ReferenceGroup: 047997:Starfield.esm
Layer: 246A96:Starfield.esm
Scale: 0.62
Position: 37.007427, 51.40952, 12.10541
Rotation: 1.5707964, 1.5707964, 0
