MutagenObjectType: PlacedObject
FormKey: 001346:VenworksEncountersOverhaul.esm
Base: 3B668B:Starfield.esm
Layer: 2639D6:Starfield.esm
Position: 35.978073, 41.591312, 13.095181
Rotation: -1.2817305, -1.1167797, 6.0204983
