MutagenObjectType: PlacedObject
FormKey: 0013C4:VenworksEncountersOverhaul.esm
Base: 2C585F:Starfield.esm
Position: 30.256111, 29.348307, 16.405537
Rotation: -3.1412473, -0.019993087, 3.1415927
