MutagenObjectType: PlacedObject
FormKey: 001343:VenworksEncountersOverhaul.esm
Base: 0B33B9:Starfield.esm
Position: 32.142498, 39.780228, 17.022888
Rotation: 0, -0, 2.9722962
