MutagenObjectType: PlacedObject
FormKey: 0013D0:VenworksEncountersOverhaul.esm
Base: 2AC1CB:Starfield.esm
ReferenceGroup: 0479C7:Starfield.esm
Position: 36.255257, 30.659628, 13.00406
Rotation: -0.004172735, 0.00063765974, 4.575121
