MutagenObjectType: PlacedObject
FormKey: 0013BE:VenworksEncountersOverhaul.esm
Base: 1290A7:Starfield.esm
ReferenceGroup: 047998:Starfield.esm
Layer: 246A96:Starfield.esm
Scale: 0.62
Position: 32.5, 40.25, 17.514133
Rotation: 3.1415927, 1.570308, 3.1415927
