MutagenObjectType: PlacedObject
FormKey: 001366:VenworksEncountersOverhaul.esm
Base: 1AF661:Starfield.esm
Layer: 2639D6:Starfield.esm
Position: 29.727674, 30.25748, 13.817312
Rotation: -3.1415927, 0, 0.39493814
