MutagenObjectType: PlacedObject
FormKey: 001371:VenworksEncountersOverhaul.esm
Base: 133256:Starfield.esm
Position: 29.522171, 29.134602, 12.999756
Rotation: 0, -0, 6.033186
