MutagenObjectType: PlacedObject
FormKey: 001384:VenworksEncountersOverhaul.esm
Base: 2A0E3F:Starfield.esm
Layer: 2639D6:Starfield.esm
Position: 38.973793, 45.185608, 14.0159855
Rotation: 0, -0, 5.5841346
