MutagenObjectType: PlacedObject
FormKey: 00136B:VenworksEncountersOverhaul.esm
Base: 10CE30:Starfield.esm
Position: 30.125463, 30.5009, 13.819557
Rotation: 0, -0, 4.7767844
