MutagenObjectType: PlacedObject
FormKey: 00135B:VenworksEncountersOverhaul.esm
Base: 1E61D7:Starfield.esm
Layer: 2639D6:Starfield.esm
Position: 33.981785, 47.411278, 13.852517
Rotation: -0.00021791764, -0.0075175064, 3.1951563
