MutagenObjectType: PlacedObject
FormKey: 00135A:VenworksEncountersOverhaul.esm
Base: 075D18:Starfield.esm
Layer: 2639D6:Starfield.esm
Position: 33.741024, 47.416004, 14.955499
Rotation: 0, -0, 4.675976
