MutagenObjectType: PlacedObject
FormKey: 0013BD:VenworksEncountersOverhaul.esm
Base: 142DB5:Starfield.esm
ReferenceGroup: 047998:Starfield.esm
Layer: 246A96:Starfield.esm
Scale: 0.65999997
Position: 32.5, 40.25, 17.133863
Rotation: 3.1243227, -1.5507944, 0.017266247
