MutagenObjectType: PlacedObject
FormKey: 0013C6:VenworksEncountersOverhaul.esm
Base: 20B97C:Starfield.esm
Layer: 2639D6:Starfield.esm
Position: 36.506104, 33.321957, 13.804907
Rotation: 0.00012203957, 0.002708856, 3.097207
