MutagenObjectType: PlacedObject
FormKey: 0013C3:VenworksEncountersOverhaul.esm
Base: 035812:Starfield.esm
Position: 36.31826, 30.737228, 13.012451
Rotation: 0, -0, 0.91
