MutagenObjectType: PlacedObject
FormKey: 001382:VenworksEncountersOverhaul.esm
Base: 2A0E3F:Starfield.esm
Layer: 2639D6:Starfield.esm
Position: 38.710648, 45.010242, 14.466307
Rotation: 0, -0, 5.0605373
