MutagenObjectType: PlacedObject
FormKey: 001399:VenworksEncountersOverhaul.esm
Base: 2AF921:Starfield.esm
ReferenceGroup: 047987:Starfield.esm
Layer: 2639D6:Starfield.esm
Scale: 0.21
Position: 35.74384, 49.391712, 16.592085
Rotation: 1.5707964, -0.01732792, 3.141593
