MutagenObjectType: PlacedObject
FormKey: 0013AC:VenworksEncountersOverhaul.esm
Base: 1290A7:Starfield.esm
ReferenceGroup: 047997:Starfield.esm
Layer: 246A96:Starfield.esm
Scale: 0.62
Position: 37.007427, 52.968258, 12.105415
Rotation: -0.00056392775, 0.5235988, 4.7121077
