MutagenObjectType: PlacedObject
FormKey: 0013C5:VenworksEncountersOverhaul.esm
Base: 063878:Starfield.esm
Layer: 2639D6:Starfield.esm
Position: 36.776115, 33.245407, 12.9979
Rotation: 0, -0, 0.11618709
