MutagenObjectType: PlacedObject
FormKey: 0013B1:VenworksEncountersOverhaul.esm
Base: 06CC9F:Starfield.esm
Layer: 2639D6:Starfield.esm
Position: 36.561954, 31.857485, 13.0241165
Rotation: 0, -0, 3.2661943
