MutagenObjectType: PlacedObject
FormKey: 00134C:VenworksEncountersOverhaul.esm
Base: 23753C:Starfield.esm
ReferenceGroup: 04791A:Starfield.esm
Layer: 246A96:Starfield.esm
Position: 45.544025, 49.526955, 13.67192
Rotation: 0.15107636, -0.23930366, 6.192099
