MutagenObjectType: PlacedObject
FormKey: 0013B6:VenworksEncountersOverhaul.esm
Base: 2AF923:Starfield.esm
ReferenceGroup: 0479AA:Starfield.esm
Layer: 246A96:Starfield.esm
Scale: 0.65
Position: 43.131977, 50.34769, 15.849998
Rotation: -1.5538244, -1.5504485, 1.5538278
