MutagenObjectType: PlacedObject
FormKey: 0014DA:VenworksEncountersOverhaul.esm
Base: 029AEB:Starfield.esm
SourcePackIn: 19FA9B:Starfield.esm
Scale: 1.01
Position: 33.268475, 17.792038, 12.339962
Rotation: -0.686829, 0.56510186, 4.712389
