MutagenObjectType: PlacedObject
FormKey: 0014CD:VenworksEncountersOverhaul.esm
Base: 029AEB:Starfield.esm
SourcePackIn: 02A3D1:Starfield.esm
Scale: 1.04
Position: 55.680565, 36.68143, 12.207295
Rotation: -0.23127775, 0.32384548, 4.480369
