MutagenObjectType: PlacedObject
FormKey: 001484:VenworksEncountersOverhaul.esm
MajorRecordFlagsRaw: 256
StarfieldMajorRecordFlags:
- 0x100
Base: 1468AE:Starfield.esm
Radius: -6.2475095
Lighting:
  Fade1PlusMinus: 0.12418599
  Unknown1: 2880154539
  Unknown2: 2880154368
LightColors:
- UnknownColor: '#00212909'
  Unknown: -6076575255718002688
Layer: 1E9BFB:Starfield.esm
Position: 37.16603, 33.638412, 15.323674
Rotation: -1.5707964, 0.9167491, 3.1415927
