MutagenObjectType: PlacedObject
FormKey: 00143F:VenworksEncountersOverhaul.esm
Base: 20B986:Starfield.esm
Position: 33.306072, 43.895794, 13.42717
Rotation: 0, -0, 5.8831854
