MutagenObjectType: PlacedObject
FormKey: 001481:VenworksEncountersOverhaul.esm
Base: 2ACD6C:Starfield.esm
Layer: 2639D6:Starfield.esm
Scale: 0.79999995
Position: 37.458817, 41.04419, 16.110102
Rotation: 0, -0, 3.158575
