MutagenObjectType: PlacedObject
FormKey: 0014C6:VenworksEncountersOverhaul.esm
Base: 029AD7:Starfield.esm
SourcePackIn: 02A3D1:Starfield.esm
Scale: 0.78
Position: 42.953796, 55.58797, 12.64062
Rotation: 0.57636416, 0.3534254, 4.712389
