MutagenObjectType: PlacedObject
FormKey: 001454:VenworksEncountersOverhaul.esm
Base: 1C0E80:Starfield.esm
ReferenceGroup: 06586A:Starfield.esm
Scale: 0.62
Position: 37.372074, 33.904503, 14.7566805
Rotation: 0, -0, 1.6567963
