MutagenObjectType: PlacedObject
FormKey: 0014ED:VenworksEncountersOverhaul.esm
Base: 1E867E:Starfield.esm
ProjectedDecal:
  WidthScale: 1
  HeightScale: 1
  UnknownFloat: 0.5000005
  UnknownInt: 2880154369
ConstrainedDecal: 3.4799993, 3.9064994, 0.1
Position: 34.60075, 40.95418, 13.01773
Rotation: -3.1415927, -0, 0
