MutagenObjectType: PlacedObject
FormKey: 001456:VenworksEncountersOverhaul.esm
Base: 2B1880:Starfield.esm
Scale: 1.3
Position: 37.31674, 33.409462, 14.351001
Rotation: 0, -0, 1.6567963
