MutagenObjectType: PlacedObject
FormKey: 001491:VenworksEncountersOverhaul.esm
Base: 00FF31:Starfield.esm
ConstrainedDecal: 4.699999, 4.065498, 1.5
Position: 37.047394, 30.693417, 12.29557
Rotation: 3.1415927, -4.5885646E-11, 4.2039824
