MutagenObjectType: PlacedObject
FormKey: 001457:VenworksEncountersOverhaul.esm
Base: 10FA1E:Starfield.esm
Position: 29.478252, 28.401075, 13.328805
Rotation: 0.341107, -0.469859, 5.287213
