MutagenObjectType: PlacedObject
FormKey: 001462:VenworksEncountersOverhaul.esm
Base: 0F0913:Starfield.esm
Scale: 1.31
Position: 30.37567, 27.438885, 15.628864
Rotation: 0, -0, 4.712389
