MutagenObjectType: PlacedObject
FormKey: 001485:VenworksEncountersOverhaul.esm
MajorRecordFlagsRaw: 256
StarfieldMajorRecordFlags:
- 0x100
Base: 0484B9:Starfield.esm
Lighting:
  Fov90PlusMinus: 16.4328
  Fade1PlusMinus: 0.18377145
  ShadowDepthBias: 0.18249992
  Unknown1: 2880154539
  Unknown2: 2880154368
LightColors:
- UnknownColor: '#00BC3354'
  Unknown: -6076575255718002688
Layer: 0011A1:Starfield.esm
Position: 37.200047, 33.76834, 15.438676
Rotation: 1.5707963, -0, 4.712389
