MutagenObjectType: PlacedObject
FormKey: 0014AF:VenworksEncountersOverhaul.esm
Base: 00B42E:Starfield.esm
Position: 62.9922, 75.810005, 9.532314
Rotation: 0.74133366, 1.0268681, 2.3811078
