MutagenObjectType: PlacedObject
FormKey: 0014E2:VenworksEncountersOverhaul.esm
Base: 029AE3:Starfield.esm
SourcePackIn: 19FAFE:Starfield.esm
Scale: 0.96999997
Position: 41.9688, 66.54874, 10.698565
Rotation: 0.3630809, -0.6470698, 5.062348
