MutagenObjectType: PlacedObject
FormKey: 001450:VenworksEncountersOverhaul.esm
Base: 1C0E81:Starfield.esm
ReferenceGroup: 06586A:Starfield.esm
Scale: 0.79999995
Position: 37.348557, 33.63173, 14.683314
Rotation: 0, -0, 1.6567963
