MutagenObjectType: PlacedObject
FormKey: 0014F0:VenworksEncountersOverhaul.esm
Base: 088C81:Starfield.esm
Scale: 0.39
Position: 36.224804, 35.922745, 12.999756
Rotation: 0, 0, 5.4123893
