MutagenObjectType: PlacedObject
FormKey: 001461:VenworksEncountersOverhaul.esm
Base: 147818:Starfield.esm
Position: 32.46129, 31.617378, 12.999756
Rotation: 0, -0, 2.4
