MutagenObjectType: PlacedObject
FormKey: 0014E0:VenworksEncountersOverhaul.esm
Base: 029AEF:Starfield.esm
SourcePackIn: 19FAB4:Starfield.esm
Scale: 1.22
Position: 17.190985, 41.72725, 13.546726
Rotation: 2.195501, -0.5206764, 0.6058943
