MutagenObjectType: PlacedObject
FormKey: 001492:VenworksEncountersOverhaul.esm
Base: 00FF31:Starfield.esm
ConstrainedDecal: 4.699999, 4.065498, 1.5
Position: 30.987484, 28.123856, 12.244117
Rotation: -3.1415927, -3.9118608E-11, 3.6539824
