MutagenObjectType: PlacedObject
FormKey: 001442:VenworksEncountersOverhaul.esm
Base: 29AE90:Starfield.esm
Scale: 0.12
Position: 37.348587, 34.05623, 15.018468
Rotation: -1.5703882, 0.10520352, 3.1416357
