MutagenObjectType: PlacedObject
FormKey: 0014BB:VenworksEncountersOverhaul.esm
Base: 029AEB:Starfield.esm
SourcePackIn: 02A3D1:Starfield.esm
Scale: 1.1999999
Position: 41.943844, 47.11821, 13.555441
Rotation: -1.8284237, -0.31643972, 2.03736
