MutagenObjectType: PlacedObject
FormKey: 001458:VenworksEncountersOverhaul.esm
Base: 10FA2B:Starfield.esm
Scale: 0.75
Position: 29.558842, 28.263908, 13.27141
Rotation: 0.13125862, -0.1384113, 4.2560387
