MutagenObjectType: PlacedObject
FormKey: 0014BC:VenworksEncountersOverhaul.esm
Base: 25405C:Starfield.esm
SourcePackIn: 02A3D1:Starfield.esm
Position: 47.18515, 24.111324, 15.476349
Rotation: 0.14887868, -0.5642738, 6.203146
