MutagenObjectType: PlacedObject
FormKey: 0014C5:VenworksEncountersOverhaul.esm
Base: 029AD7:Starfield.esm
SourcePackIn: 02A3D1:Starfield.esm
Scale: 1.1899999
Position: 62.107746, 45.820915, 10.651058
Rotation: -0.21208782, 0.42933553, 5.6140447
