MutagenObjectType: PlacedObject
FormKey: 00142C:VenworksEncountersOverhaul.esm
MajorRecordFlagsRaw: 256
StarfieldMajorRecordFlags:
- 0x100
Components:
- MutagenObjectType: ContactShadowComponent
  Items:
  - Unknown1: 0.009
    Unknown2: 3
    Unknown3: 10
    Unknown4: 0.2
    Unknown5: 0.06
Base: 06D2B6:Starfield.esm
Radius: -4.0888333
Lighting:
  Fade1PlusMinus: 0.16900058
  Unknown1: 2880154539
  Unknown2: 2880154369
LightColors:
- UnknownColor: '#66E78F'
  Unknown: -6076575255718002688
Layer: 1E9BFB:Starfield.esm
Position: 33.866093, 46.434948, 15.419312
Rotation: -0.47079635, 5.065994E-08, 4.712389
