MutagenObjectType: PlacedObject
FormKey: 0014CC:VenworksEncountersOverhaul.esm
Base: 029AEF:Starfield.esm
SourcePackIn: 02A3D1:Starfield.esm
Scale: 1.04
Position: 56.57187, 45.952366, 11.1020355
Rotation: 0.2100839, -1.2097979, 4.5558367
