MutagenObjectType: PlacedObject
FormKey: 00143D:VenworksEncountersOverhaul.esm
Base: 088C81:Starfield.esm
Scale: 0.47
Position: 34.348995, 36.045753, 12.999756
Rotation: -0, -0, 4.712389
