MutagenObjectType: PlacedObject
FormKey: 0014DC:VenworksEncountersOverhaul.esm
Base: 029AE3:Starfield.esm
SourcePackIn: 19FA9B:Starfield.esm
Scale: 0.83
Position: 26.363323, 21.876907, 12.162915
Rotation: -1.5460212, 0.28286168, 3.5226853
