MutagenObjectType: PlacedObject
FormKey: 001434:VenworksEncountersOverhaul.esm
Base: 1F5606:Starfield.esm
ProjectedDecal:
  WidthScale: 1
  HeightScale: 1
  UnknownFloat: 0.47500047
  UnknownInt: 2880154369
ConstrainedDecal: 1.0900003, 1.2000006, 0.75
Position: 34.88209, 49.49034, 15.152069
Rotation: 1.5707964, -1.192093E-07, 3.1415927
