MutagenObjectType: PlacedObject
FormKey: 0014D5:VenworksEncountersOverhaul.esm
Base: 029AEF:Starfield.esm
SourcePackIn: 19FABC:Starfield.esm
Scale: 1.09
Position: 46.66985, 19.480589, 16.655548
Rotation: 0.33731192, -0.75421, 5.3518243
