MutagenObjectType: PlacedObject
FormKey: 0014B8:VenworksEncountersOverhaul.esm
Base: 01C3BE:Starfield.esm
Scale: 1.27
Position: 11.758461, 31.828545, 13.466661
Rotation: -1.6530882, 0.96252537, 6.013276
