MutagenObjectType: PlacedObject
FormKey: 0014B9:VenworksEncountersOverhaul.esm
Base: 01C3BE:Starfield.esm
Scale: 1.27
Position: 18.60292, 24.474424, 13.647848
Rotation: 1.5380944, 0.13090454, 6.2307034
