MutagenObjectType: PlacedObject
FormKey: 00142D:VenworksEncountersOverhaul.esm
MajorRecordFlagsRaw: 256
StarfieldMajorRecordFlags:
- 0x100
Base: 0484B9:Starfield.esm
Lighting:
  Fov90PlusMinus: 9.39798
  Fade1PlusMinus: 0.16926779
  ShadowDepthBias: 0.18249992
  Unknown1: 2880154539
  Unknown2: 2880154368
LightBarndoorData:
  Data: 0x00000000000000000000000000000000000000000101ABAB
LightColors:
- UnknownColor: '#00BC3354'
  Unknown: -6076575255718002688
Layer: 2FF936:Starfield.esm
Position: 37.752827, 41.194252, 16.167809
Rotation: 1.2350606, 0.2216936, 5.27467
