MutagenObjectType: PlacedObject
FormKey: 00147F:VenworksEncountersOverhaul.esm
MajorRecordFlagsRaw: 256
StarfieldMajorRecordFlags:
- 0x100
Base: 0484B9:Starfield.esm
Lighting:
  Fov90PlusMinus: -30.015121
  Fade1PlusMinus: 0.3444073
  ShadowDepthBias: 0.18249992
  Unknown1: 2880154539
  Unknown2: 2880154368
LightColors:
- UnknownColor: '#00BC3354'
  Unknown: -6076575255718002688
Layer: 0011A1:Starfield.esm
Position: 38.678795, 46.04575, 15.905219
Rotation: 1.5707963, -0, 4.712389
