MutagenObjectType: PlacedObject
FormKey: 0014CB:VenworksEncountersOverhaul.esm
Base: 029AD9:Starfield.esm
SourcePackIn: 02A3D1:Starfield.esm
Scale: 1.04
Position: 42.686325, 43.982807, 15.716355
Rotation: 0.88347703, 0.62197816, 0.53998643
