MutagenObjectType: PlacedObject
FormKey: 0014C8:VenworksEncountersOverhaul.esm
Base: 029AEB:Starfield.esm
SourcePackIn: 02A3D1:Starfield.esm
Scale: 0.96
Position: 54.373608, 55.11662, 11.53719
Rotation: 0.10579979, -0.61338377, 6.188552
