MutagenObjectType: PlacedObject
FormKey: 00145F:VenworksEncountersOverhaul.esm
Base: 10FA22:Starfield.esm
Scale: 0.59999996
Position: 31.33303, 31.519419, 12.999727
Rotation: 0, -0, 0.47920352
