MutagenObjectType: PlacedObject
FormKey: 00143A:VenworksEncountersOverhaul.esm
Base: 00FF31:Starfield.esm
ConstrainedDecal: 3.4700005, 3.2899997, 1.5
Position: 38.022465, 36.62953, 12.389247
Rotation: 3.1415927, -0, 1.5207968
