MutagenObjectType: PlacedObject
FormKey: 001459:VenworksEncountersOverhaul.esm
Base: 10FA16:Starfield.esm
Scale: 0.75
Position: 32.67072, 31.761667, 12.977596
Rotation: -0, -0, 4.712389
