MutagenObjectType: PlacedObject
FormKey: 00142F:VenworksEncountersOverhaul.esm
MajorRecordFlagsRaw: 256
StarfieldMajorRecordFlags:
- 0x100
Base: 1468AE:Starfield.esm
Radius: -6.399915
Lighting:
  Fade1PlusMinus: 0.28154653
  Unknown1: 2880154539
  Unknown2: 2880154368
LightColors:
- UnknownColor: '#692A30'
  Unknown: -6076575255718002688
Layer: 1E9BFB:Starfield.esm
Position: 29.516788, 29.71245, 13.423036
Rotation: -1.548067E-08, -0.1321141, 6.154092
