MutagenObjectType: PlacedObject
FormKey: 0014D4:VenworksEncountersOverhaul.esm
Base: 029AEF:Starfield.esm
SourcePackIn: 19FABC:Starfield.esm
Position: 39.959015, 17.470703, 15.851789
Rotation: -2.1735322, 1.1789396, 0.62889194
