MutagenObjectType: PlacedObject
FormKey: 0014DE:VenworksEncountersOverhaul.esm
Base: 029AEF:Starfield.esm
SourcePackIn: 19FAB4:Starfield.esm
Scale: 1.09
Position: 9.373056, 46.26277, 12.041132
Rotation: -0.10954852, 0.08922287, 4.712389
