MutagenObjectType: PlacedObject
FormKey: 0014D7:VenworksEncountersOverhaul.esm
Base: 029AEF:Starfield.esm
SourcePackIn: 19FABC:Starfield.esm
Position: 49.227703, 32.956253, 14.2756
Rotation: -0.22606352, -0.6183529, 0.13253638
