MutagenObjectType: PlacedObject
FormKey: 0014E9:VenworksEncountersOverhaul.esm
Base: 029ADF:Starfield.esm
SourcePackIn: 19FAFE:Starfield.esm
Scale: 1.04
Position: 30.576815, 82.26903, 11.721099
Rotation: 0.29905176, -0.24568257, 1.8999777
