MutagenObjectType: PlacedObject
FormKey: 001449:VenworksEncountersOverhaul.esm
Base: 1C0E13:Starfield.esm
ReferenceGroup: 06586A:Starfield.esm
Scale: 0.099999994
Position: 37.350624, 33.810665, 14.556183
Rotation: -0.06276774, 0.0054077776, 1.6566266
