MutagenObjectType: PlacedObject
FormKey: 0014CA:VenworksEncountersOverhaul.esm
Base: 029AE3:Starfield.esm
SourcePackIn: 02A3D1:Starfield.esm
Scale: 0.96999997
Position: 60.312527, 36.934357, 11.05793
Rotation: 0.33446735, 0.0062399316, 4.71812
