MutagenObjectType: PlacedObject
FormKey: 0014F1:VenworksEncountersOverhaul.esm
Base: 088C81:Starfield.esm
Scale: 0.39
Position: 35.43246, 41.009865, 12.999756
Rotation: 0, 0, 5.462389
