MutagenObjectType: PlacedObject
FormKey: 0014C3:VenworksEncountersOverhaul.esm
Base: 25405C:Starfield.esm
SourcePackIn: 02A3D1:Starfield.esm
Scale: 1.3299999
Position: 51.254154, 34.96517, 13.67142
Rotation: -0.11941762, -0.4607943, 0.05330192
