MutagenObjectType: PlacedObject
FormKey: 0014FF:VenworksEncountersOverhaul.esm
Base: 007359:Starfield.esm
Position: 34.95181, 47.734398, 12.998272
Rotation: 3.1928314E-15, 1.8832386E-15, 4.5357885
