MutagenObjectType: PlacedObject
FormKey: 001464:VenworksEncountersOverhaul.esm
Base: 02EE4C:Starfield.esm
Scale: 1.05
Position: 28.079693, 28.034916, 17.051626
Rotation: 0, -0, 1.5426934
