MutagenObjectType: PlacedObject
FormKey: 00148E:VenworksEncountersOverhaul.esm
Base: 00FF31:Starfield.esm
ConstrainedDecal: 4.699999, 4.065498, 1.5
Position: 33.64027, 38.9833, 12.256805
Rotation: -3.1415927, -1.1151758E-09, 4.753982
