MutagenObjectType: PlacedObject
FormKey: 00148D:VenworksEncountersOverhaul.esm
Base: 00FF31:Starfield.esm
ConstrainedDecal: 4.699999, 4.065498, 1.5
Position: 33.15006, 42.017097, 12.256805
Rotation: -3.1415927, -1.794012E-09, 5.653982
