MutagenObjectType: PlacedObject
FormKey: 001503:VenworksEncountersOverhaul.esm
Base: 03F474:Starfield.esm
Position: 52.83162, 54.0544, 11.858337
Rotation: 0, -0, 0.9130001
