MutagenObjectType: PlacedObject
FormKey: 001562:VenworksEncountersOverhaul.esm
Base: 23CF65:Starfield.esm
Position: 95.61979, 18.763363, 10.608395
Rotation: 0, 0, 5.7349377
