MutagenObjectType: PlacedObject
FormKey: 00154E:VenworksEncountersOverhaul.esm
Base: 23CF65:Starfield.esm
Position: 77.75928, 38.06384, 10.771187
Rotation: 0, 0, 2.7338085
