MutagenObjectType: PlacedObject
FormKey: 0015FC:VenworksEncountersOverhaul.esm
Base: 133256:Starfield.esm
Position: 33.75131, 35.0836, 13.010406
Rotation: -0.49094456, 1.0891981, 1.0280166
