MutagenObjectType: PlacedObject
FormKey: 0015B8:VenworksEncountersOverhaul.esm
Base: 25405B:Starfield.esm
Scale: 0.44
Position: 42.476948, 51.722828, 13.717123
Rotation: 0.1683797, 0.73122656, 0.113028064
