MutagenObjectType: PlacedObject
FormKey: 001518:VenworksEncountersOverhaul.esm
Base: 029AEB:Starfield.esm
SourcePackIn: 19FAD5:Starfield.esm
Scale: 0.96999997
Position: 29.686214, 84.90069, 12.547664
Rotation: -0.02321144, 0.3082284, 1.3663168
