MutagenObjectType: PlacedObject
FormKey: 001592:VenworksEncountersOverhaul.esm
Base: 088C81:Starfield.esm
Scale: 0.48
Position: 34.174545, 35.189762, 17.050049
Rotation: -1.1919333E-07, -1.1920932E-07, 1.4208956E-14
