MutagenObjectType: PlacedObject
FormKey: 0015C8:VenworksEncountersOverhaul.esm
Base: 29AE51:Starfield.esm
Scale: 0.62
Position: 31.697866, 41.1703, 16.651611
Rotation: 1.5707964, 0, 1.5707965
