MutagenObjectType: PlacedObject
FormKey: 0015D2:VenworksEncountersOverhaul.esm
Base: 234E46:Starfield.esm
Scale: 1.65
Position: 35.98266, 51.29126, 15.51074
Rotation: 0, 0, 1.6513889
