MutagenObjectType: PlacedObject
FormKey: 001525:VenworksEncountersOverhaul.esm
Base: 029AEF:Starfield.esm
SourcePackIn: 19FAD5:Starfield.esm
Scale: 1.04
Position: 20.608906, 57.115204, 11.154068
Rotation: 0.029987065, 0.08971803, 0.0026875653
