MutagenObjectType: PlacedObject
FormKey: 001565:VenworksEncountersOverhaul.esm
Base: 23CF65:Starfield.esm
Position: 83.3865, 9.926399, 10.928818
Rotation: 0, 0, 1.119961
