MutagenObjectType: PlacedObject
FormKey: 00151C:VenworksEncountersOverhaul.esm
Base: 029AE3:Starfield.esm
SourcePackIn: 19FAD5:Starfield.esm
Scale: 0.96999997
Position: 15.305923, 81.57721, 11.897032
Rotation: -0.3503249, -1.3838985, 0.34469944
