MutagenObjectType: PlacedObject
FormKey: 00152D:VenworksEncountersOverhaul.esm
Base: 25405B:Starfield.esm
SourcePackIn: 19FA9B:Starfield.esm
Position: 32.77586, 96.02891, 12.222456
Rotation: 1.7433351, -0.5401784, 1.5331063
