MutagenObjectType: PlacedObject
FormKey: 0015FF:VenworksEncountersOverhaul.esm
Base: 17FED2:Starfield.esm
Position: 29.819355, 30.841864, 13.793156
Rotation: 0, -0, 4.9331856
