MutagenObjectType: PlacedObject
FormKey: 00155B:VenworksEncountersOverhaul.esm
Base: 1C090B:Starfield.esm
Position: 98.09932, 80.69743, 9.398098
Rotation: 0, 0, 4.6381993
