MutagenObjectType: PlacedObject
FormKey: 0015B2:VenworksEncountersOverhaul.esm
Base: 3A08D1:Starfield.esm
Scale: 0.83
Position: 38.202183, 37.971485, 12.9829645
Rotation: 0, -0, 1.5707964
