MutagenObjectType: PlacedObject
FormKey: 001551:VenworksEncountersOverhaul.esm
Base: 23CF65:Starfield.esm
Position: 91.589874, 61.61452, 12.388832
Rotation: 0, 0, 2.903392
