MutagenObjectType: PlacedObject
FormKey: 001539:VenworksEncountersOverhaul.esm
Base: 25405B:Starfield.esm
SourcePackIn: 19FA9B:Starfield.esm
Scale: 1.13
Position: 34.089745, 55.572514, 13.518079
Rotation: -1.665121, -0.59099185, 3.2754605
