MutagenObjectType: PlacedObject
FormKey: 0015FD:VenworksEncountersOverhaul.esm
Base: 133256:Starfield.esm
Position: 35.599342, 40.96992, 12.999756
Rotation: 0, -0.23600005, 4.712389
