MutagenObjectType: PlacedObject
FormKey: 00154B:VenworksEncountersOverhaul.esm
Base: 23CF65:Starfield.esm
Position: 66.849335, 21.328041, 12.461422
Rotation: 0, 0, 0.5546427
