MutagenObjectType: PlacedObject
FormKey: 00155D:VenworksEncountersOverhaul.esm
Base: 23CF65:Starfield.esm
Position: 92.29517, 90.432594, 10.069696
Rotation: 0, 0, 5.1648545
