MutagenObjectType: PlacedObject
FormKey: 001549:VenworksEncountersOverhaul.esm
Base: 1C090B:Starfield.esm
Position: 66.79287, 94.360115, 13.75312
Rotation: 0, 0, 5.455262
