MutagenObjectType: PlacedObject
FormKey: 0015C5:VenworksEncountersOverhaul.esm
Base: 29AE51:Starfield.esm
Scale: 0.62
Position: 37.175205, 41.1703, 13.122673
Rotation: 1.5707964, 0, 1.5707965
