MutagenObjectType: PlacedObject
FormKey: 0015F0:VenworksEncountersOverhaul.esm
Base: 06C9FD:Starfield.esm
Scale: 0.90999997
Position: 36.48951, 41.04016, 14.835979
Rotation: 1.5707964, -1.192093E-07, 3.1415927
