MutagenObjectType: PlacedObject
FormKey: 0015F3:VenworksEncountersOverhaul.esm
Base: 249F36:Starfield.esm
Scale: 0.90999997
Position: 35.938297, 36.304703, 12.999756
Rotation: 1.5707964, -0, 1.5707964
