MutagenObjectType: PlacedObject
FormKey: 001552:VenworksEncountersOverhaul.esm
Base: 23CF65:Starfield.esm
Position: 90.82512, 64.02789, 12.551147
Rotation: 0, 0, 3.7491066
