MutagenObjectType: PlacedObject
FormKey: 0015D4:VenworksEncountersOverhaul.esm
Base: 234E46:Starfield.esm
Scale: 1.65
Position: 35.982655, 50.550938, 14.994889
Rotation: 0, 0, 4.74548
