MutagenObjectType: PlacedObject
FormKey: 0015D7:VenworksEncountersOverhaul.esm
Base: 099C6C:Starfield.esm
ProjectedDecal:
  WidthScale: 1
  HeightScale: 1
  UnknownFloat: 0.525
  UnknownInt: 2880154369
ConstrainedDecal: 2.2800016, 0.6500002, 0.5
Position: 42.57358, 51.123066, 16.244148
Rotation: -1.5707964, -1.0632974, 1.5707965
