MutagenObjectType: PlacedObject
FormKey: 00150F:VenworksEncountersOverhaul.esm
Base: 029AD7:Starfield.esm
SourcePackIn: 19FAFE:Starfield.esm
Scale: 0.78
Position: 41.359024, 77.066315, 12.02937
Rotation: 0.056709446, 0.96139425, 4.587658
