MutagenObjectType: PlacedObject
FormKey: 00154C:VenworksEncountersOverhaul.esm
Base: 23CF65:Starfield.esm
Position: 62.923233, 20.481052, 13.193218
Rotation: 0, 0, 5.3763666
