MutagenObjectType: PlacedObject
FormKey: 00155F:VenworksEncountersOverhaul.esm
Base: 23CF65:Starfield.esm
Position: 96.03166, 93.76905, 10.369455
Rotation: 0, 0, 0.7149354
