MutagenObjectType: PlacedObject
FormKey: 001596:VenworksEncountersOverhaul.esm
Base: 25405B:Starfield.esm
Scale: 0.7
Position: 25.74488, 33.72481, 17.178078
Rotation: 0.09750001, -0, 5.512389
