MutagenObjectType: PlacedObject
FormKey: 0015BC:VenworksEncountersOverhaul.esm
Base: 0168E9:Starfield.esm
Position: 38.106403, 42.349827, 12.982086
Rotation: 0, -0, 3.6725821
