MutagenObjectType: PlacedObject
FormKey: 00156C:VenworksEncountersOverhaul.esm
Base: 25405C:Starfield.esm
Scale: 0.29
Position: 31.795282, 44.00228, 16.99993
Rotation: 1.9997505, -0.30338922, 0.3830104
