MutagenObjectType: PlacedObject
FormKey: 001502:VenworksEncountersOverhaul.esm
Base: 03F471:Starfield.esm
Position: 52.94118, 51.260895, 11.553666
Rotation: 0, -0, 3.1670003
