MutagenObjectType: PlacedObject
FormKey: 0015B1:VenworksEncountersOverhaul.esm
Base: 21B967:Starfield.esm
Position: 34.891323, 50.031845, 12.992089
Rotation: 0, 0, 1.5707964
