MutagenObjectType: PlacedObject
FormKey: 0015E0:VenworksEncountersOverhaul.esm
Base: 17C6DD:Starfield.esm
ProjectedDecal:
  WidthScale: 1
  HeightScale: 1
  UnknownFloat: 0.09999995
  UnknownInt: 2880154369
ConstrainedDecal: 0.68999994, 0.7895, 0.5
Position: 32.247124, 41.269596, 18.21838
Rotation: -1.5707964, -0, 0
