MutagenObjectType: PlacedObject
FormKey: 00154D:VenworksEncountersOverhaul.esm
Base: 1C090B:Starfield.esm
Position: 68.34807, 31.318548, 12.769138
Rotation: 0, 0, 4.4074044
