MutagenObjectType: PlacedObject
FormKey: 0015B4:VenworksEncountersOverhaul.esm
Base: 0169D3:Starfield.esm
Position: 35.363365, 37.019604, 13.033106
Rotation: 0, -0, 2.7517965
