MutagenObjectType: PlacedObject
FormKey: 00156A:VenworksEncountersOverhaul.esm
Base: 25405B:Starfield.esm
Scale: 0.65999997
Position: 31.745852, 41.81736, 17.06029
Rotation: 1.571291, -0.16238847, 6.283106
