MutagenObjectType: PlacedObject
FormKey: 001530:VenworksEncountersOverhaul.esm
Base: 00B42D:Starfield.esm
Position: 16.66555, 54.398422, 11.753752
Rotation: 2.3741024, 1.1360195, 3.8292813
