MutagenObjectType: PlacedObject
FormKey: 001548:VenworksEncountersOverhaul.esm
Base: 23CF65:Starfield.esm
Position: 61.055016, 88.0615, 14.526001
Rotation: 0, 0, 4.039694
