MutagenObjectType: PlacedObject
FormKey: 001511:VenworksEncountersOverhaul.esm
Base: 25405B:Starfield.esm
SourcePackIn: 19FAFE:Starfield.esm
Position: 42.946636, 83.25656, 11.168247
Rotation: -1.3623854, 0.6068082, 0.169221
