MutagenObjectType: PlacedObject
FormKey: 0015BB:VenworksEncountersOverhaul.esm
Base: 25405C:Starfield.esm
Scale: 0.44
Position: 34.53224, 54.572994, 13.232931
Rotation: 0.726203, 0.19292632, 1.2219352
