MutagenObjectType: PlacedObject
FormKey: 001568:VenworksEncountersOverhaul.esm
Base: 25405B:Starfield.esm
Scale: 0.65999997
Position: 32.71307, 34.558678, 17.073917
Rotation: -1.5717434, -1.0292037, 3.1424046
