MutagenObjectType: PlacedObject
FormKey: 00154A:VenworksEncountersOverhaul.esm
Base: 1C090B:Starfield.esm
Position: 48.00898, 49.130203, 13.175705
Rotation: 0, 0, 5.306908
