MutagenObjectType: PlacedObject
FormKey: 00156F:VenworksEncountersOverhaul.esm
Base: 25405B:Starfield.esm
Scale: 0.44
Position: 40.598248, 44.8891, 17.189314
Rotation: 1.7124993, 0.6064949, 0.24456239
