MutagenObjectType: PlacedObject
FormKey: 001559:VenworksEncountersOverhaul.esm
Base: 1C090B:Starfield.esm
Position: 94.885994, 90.77262, 10.356705
Rotation: 0, 0, 5.772515
