MutagenObjectType: PlacedObject
FormKey: 001546:VenworksEncountersOverhaul.esm
Base: 23CF65:Starfield.esm
Position: 52.053364, 67.155045, 11.2988205
Rotation: 0, 0, 4.0020514
