MutagenObjectType: PlacedObject
FormKey: 001529:VenworksEncountersOverhaul.esm
Base: 01C3BE:Starfield.esm
Position: 26.830633, 34.515137, 14.997114
Rotation: 1.5237038, 0.029499555, 3.1425228
