MutagenObjectType: PlacedObject
FormKey: 00159F:VenworksEncountersOverhaul.esm
Base: 17C6DD:Starfield.esm
ProjectedDecal:
  WidthScale: 1
  HeightScale: 1
  UnknownFloat: 0.45000002
  UnknownInt: 2880154369
ConstrainedDecal: 0.85999995, 0.5700002, 0.5
Position: 38.98311, 47.242397, 13.098846
Rotation: -3.1415927, -0, 0
