MutagenObjectType: PlacedObject
FormKey: 001547:VenworksEncountersOverhaul.esm
Base: 23CF65:Starfield.esm
Position: 62.88858, 85.974846, 14.724308
Rotation: 0, 0, 6.2497516
