MutagenObjectType: PlacedObject
FormKey: 001523:VenworksEncountersOverhaul.esm
Base: 029AEB:Starfield.esm
SourcePackIn: 19FAD5:Starfield.esm
Position: 21.37691, 91.82106, 11.954261
Rotation: 0.20538804, -0.55971134, 6.1730313
