MutagenObjectType: PlacedObject
FormKey: 00151E:VenworksEncountersOverhaul.esm
Base: 029AE9:Starfield.esm
SourcePackIn: 19FAD5:Starfield.esm
Scale: 1.1899999
Position: 7.60864, 67.32862, 9.733735
Rotation: 0.10536661, 0.43722335, 0.044749767
