MutagenObjectType: PlacedObject
FormKey: 0015F5:VenworksEncountersOverhaul.esm
Base: 2A0D5B:Starfield.esm
Position: 36.063038, 32.664654, 12.999756
Rotation: -0.0011744035, -0.0007709955, 2.8195395
