MutagenObjectType: PlacedObject
FormKey: 0015B7:VenworksEncountersOverhaul.esm
Base: 06BED3:Starfield.esm
Position: 40.844135, 57.718853, 10.976
Rotation: -0.022393096, -0.0019526049, 3.0054076
