MutagenObjectType: PlacedObject
FormKey: 001563:VenworksEncountersOverhaul.esm
Base: 23CF65:Starfield.esm
Position: 94.548195, 16.807762, 10.852425
Rotation: 0, 0, 6.1784806
