MutagenObjectType: PlacedObject
FormKey: 001537:VenworksEncountersOverhaul.esm
Base: 25405B:Starfield.esm
SourcePackIn: 19FA9B:Starfield.esm
Position: 32.142982, 54.797043, 14.761938
Rotation: -1.7518473, 0.61338055, 4.6591005
