MutagenObjectType: PlacedObject
FormKey: 0015EE:VenworksEncountersOverhaul.esm
Base: 234E46:Starfield.esm
Scale: 2.76
Position: 38.4455, 41.163612, 16.120464
Rotation: 0, -0, 1.5707965
