MutagenObjectType: PlacedObject
FormKey: 00159E:VenworksEncountersOverhaul.esm
Base: 1E867E:Starfield.esm
ProjectedDecal:
  WidthScale: 1
  HeightScale: 1
  UnknownFloat: 0.6750003
  UnknownInt: 2880154369
ConstrainedDecal: 4.249999, 3.9599998, 0.1
Position: 36.064148, 36.396797, 12.999756
Rotation: -3.1415927, -0, 1.5707964
