MutagenObjectType: PlacedObject
FormKey: 00155C:VenworksEncountersOverhaul.esm
Base: 23CF65:Starfield.esm
Position: 90.74155, 1.5222931, 9.4431305
Rotation: 0, 0, 4.0391855
