MutagenObjectType: PlacedObject
FormKey: 0015E5:VenworksEncountersOverhaul.esm
Base: 1F560E:Starfield.esm
ProjectedDecal:
  WidthScale: 1
  HeightScale: 1
  UnknownFloat: 0.29999992
  UnknownInt: 2880154369
ConstrainedDecal: 2.9899995, 1.3780006, 0.5
Position: 35.565773, 38.338623, 17.083145
Rotation: 3.1415927, 0, 1.6163867
