MutagenObjectType: PlacedObject
FormKey: 00159C:VenworksEncountersOverhaul.esm
Base: 088C81:Starfield.esm
Scale: 0.35999998
Position: 40.02359, 48.24615, 12.999756
Rotation: -0, -0, 4.712389
