MutagenObjectType: PlacedObject
FormKey: 001533:VenworksEncountersOverhaul.esm
Base: 029AEF:Starfield.esm
SourcePackIn: 19FABC:Starfield.esm
Scale: 1.01
Position: 65.72014, 82.808914, 13.862854
Rotation: 0.3507866, 0.51479614, 1.4153663
