MutagenObjectType: PlacedObject
FormKey: 001538:VenworksEncountersOverhaul.esm
Base: 029AE3:Starfield.esm
SourcePackIn: 19FA9B:Starfield.esm
Scale: 0.83
Position: 33.426266, 57.522644, 12.355906
Rotation: 0.30970982, -0.56798136, 6.1127286
