MutagenObjectType: PlacedObject
FormKey: 0015B3:VenworksEncountersOverhaul.esm
Base: 0169D3:Starfield.esm
Position: 37.49584, 37.35511, 13.033106
Rotation: 0, -0, 2.7517965
