MutagenObjectType: PlacedObject
FormKey: 001597:VenworksEncountersOverhaul.esm
Base: 029AEB:Starfield.esm
Scale: 0.34
Position: 25.986555, 45.491127, 17.799034
Rotation: -0.01874592, -0.06031167, 6.2635527
