MutagenObjectType: PlacedObject
FormKey: 00151F:VenworksEncountersOverhaul.esm
Base: 029AEF:Starfield.esm
SourcePackIn: 19FAD5:Starfield.esm
Scale: 0.95
Position: 27.743574, 87.5318, 11.601636
Rotation: 0.57697177, 0.53853595, 3.5326765
