MutagenObjectType: PlacedObject
FormKey: 001613:VenworksEncountersOverhaul.esm
Base: 34FC4C:Starfield.esm
Position: 35.07987, 30.139647, 12.999712
Rotation: 0, -0, 3.4165003
