MutagenObjectType: PlacedObject
FormKey: 001620:VenworksEncountersOverhaul.esm
Base: 01558D:Starfield.esm
Scale: 0.88
Position: 37.401608, 46.617847, 16.610268
Rotation: 1.5707964, -0, 0
