MutagenObjectType: PlacedObject
FormKey: 001628:VenworksEncountersOverhaul.esm
Base: 133256:Starfield.esm
Position: 38.441326, 42.97057, 12.999756
Rotation: -0, -0, 4.712389
