MutagenObjectType: PlacedObject
FormKey: 001629:VenworksEncountersOverhaul.esm
Base: 2357A3:Starfield.esm
Position: 37.279087, 41.72348, 12.999756
Rotation: 0, -0, 2.6123888
