MutagenObjectType: PlacedObject
FormKey: 00162A:VenworksEncountersOverhaul.esm
Base: 115977:Starfield.esm
Position: 33.741924, 47.52644, 14.509452
Rotation: -0, -0, 4.712389
