MutagenObjectType: PlacedObject
FormKey: 001624:VenworksEncountersOverhaul.esm
Base: 125AA3:Starfield.esm
Scale: 0.87
Position: 33.278618, 43.915424, 13.145361
