MutagenObjectType: PlacedObject
FormKey: 001619:VenworksEncountersOverhaul.esm
Base: 1F564B:Starfield.esm
ConstrainedDecal: 4, 2, 0.75
Position: 35.054016, 40.162666, 12.999756
Rotation: 3.1415927, -0, 5.233186
