MutagenObjectType: PlacedObject
FormKey: 001627:VenworksEncountersOverhaul.esm
Base: 25560A:Starfield.esm
Layer: 2639D6:Starfield.esm
Position: 36.905773, 40.567654, 13.132268
Rotation: -1.5708003, 1.5449812, 3.1415884
