MutagenObjectType: PlacedObject
FormKey: 001606:VenworksEncountersOverhaul.esm
Base: 083584:Starfield.esm
Position: 38.84105, 45.32818, 13.556852
Rotation: 0.0010491158, -5.8601385E-05, 1.8825009
