MutagenObjectType: PlacedObject
FormKey: 001604:VenworksEncountersOverhaul.esm
Base: 324542:Starfield.esm
Position: 38.16141, 38.192455, 14.850465
