MutagenObjectType: PlacedObject
FormKey: 00161D:VenworksEncountersOverhaul.esm
Base: 01558D:Starfield.esm
Position: 36.48322, 38.837635, 16.618998
Rotation: 1.5707964, -0, 0
