MutagenObjectType: PlacedObject
FormKey: 000CF5:VenpiCaveOverhaul.esm
Base: 029B27:Starfield.esm
SourcePackIn: 20B14D:Starfield.esm
Scale: 1.17
Position: 35.916145, 63.706165, 16.353775
Rotation: -2.3152153, 0.33799243, 3.0115936
