MutagenObjectType: PlacedObject
FormKey: 000CC1:VenpiCaveOverhaul.esm
Base: 029B37:Starfield.esm
Position: 32.115627, 36.629185, 14.441969
Rotation: 0.3651036, -0.7092004, 3.6734023
