MutagenObjectType: PlacedObject
FormKey: 000CDB:VenpiCaveOverhaul.esm
Base: 029B33:Starfield.esm
SourcePackIn: 20B14D:Starfield.esm
Position: 36.373768, 60.803837, 16.54624
Rotation: 1.3374995, 0.14672121, 0.98934174
