MutagenObjectType: PlacedObject
FormKey: 000CBC:VenpiCaveOverhaul.esm
Base: 02EC63:Starfield.esm
SourcePackIn: 20B14D:Starfield.esm
Scale: 1.17
Position: 32.670002, 58.97197, 19.953388
Rotation: -3.102409, -0.18435334, 6.100998
