MutagenObjectType: PlacedObject
FormKey: 000CE6:VenpiCaveOverhaul.esm
Base: 01C1B0:Starfield.esm
Scale: 0.96
Position: 30.288658, 63.229374, 17.847002
Rotation: 0.24398158, -0.051919274, 3.2955656
