MutagenObjectType: PlacedObject
FormKey: 000CBE:VenpiCaveOverhaul.esm
Base: 01D598:Starfield.esm
Scale: 1.25
Position: 50.739895, 57.371582, 12.234466
Rotation: 3.0801752, 0.070205994, 3.8177137
