MutagenObjectType: PlacedObject
FormKey: 000CBA:VenpiCaveOverhaul.esm
Base: 029ACF:Starfield.esm
SourcePackIn: 1A07B6:Starfield.esm
Scale: 0.90999997
Position: 44.565487, 58.73301, 13.364509
Rotation: -1.849241, -0.30280262, 2.6724577
