MutagenObjectType: PlacedObject
FormKey: 000CAE:VenpiCaveOverhaul.esm
Base: 02EC77:Starfield.esm
SourcePackIn: 022B28:Starfield.esm
Scale: 0.75
Position: 42.669296, 51.062515, 14.128339
Rotation: 0.22606352, -0.4050885, 6.1927996
