MutagenObjectType: PlacedObject
FormKey: 000CE8:VenpiCaveOverhaul.esm
Base: 029B39:Starfield.esm
SourcePackIn: 20B14D:Starfield.esm
Scale: 1.17
Position: 34.553753, 61.47213, 17.830057
Rotation: 1.3647867, 0.0746942, 3.3831913
