MutagenObjectType: PlacedObject
FormKey: 000CF9:VenpiCaveOverhaul.esm
Base: 02EC79:Starfield.esm
SourcePackIn: 022BDD:Starfield.esm
Scale: 1.2099999
Position: 31.881538, 69.09466, 20.338223
Rotation: 0.99819285, 0.049046714, 2.4135535
