MutagenObjectType: PlacedObject
FormKey: 000CEE:VenpiCaveOverhaul.esm
Base: 029B3B:Starfield.esm
SourcePackIn: 20B14D:Starfield.esm
Scale: 1.17
Position: 32.852695, 52.623856, 17.742308
Rotation: -0.2022414, 1.08184, 2.2580693
