MutagenObjectType: PlacedObject
FormKey: 000CA4:VenpiCaveOverhaul.esm
Base: 029B39:Starfield.esm
SourcePackIn: 022BDD:Starfield.esm
Scale: 0.9
Position: 18.063633, 57.661827, 26.70677
Rotation: -0.35300747, -0.6887253, 4.172667
