MutagenObjectType: PlacedObject
FormKey: 000C97:VenpiCaveOverhaul.esm
Base: 029B39:Starfield.esm
SourcePackIn: 02A314:Starfield.esm
Scale: 0.98999995
Position: 39.35273, 48.922585, 13.621535
Rotation: 0.6864869, -0.23184286, 1.6163355
