MutagenObjectType: PlacedObject
FormKey: 000CD9:VenpiCaveOverhaul.esm
Base: 02EC77:Starfield.esm
SourcePackIn: 1A07B6:Starfield.esm
Scale: 0.90999997
Position: 53.795704, 64.00036, 10.954618
Rotation: -0.95912385, -0.07921399, 5.363127
