MutagenObjectType: PlacedObject
FormKey: 000CB7:VenpiCaveOverhaul.esm
Base: 02EC7B:Starfield.esm
SourcePackIn: 1A07B6:Starfield.esm
Scale: 0.90999997
Position: 53.05027, 60.646183, 11.404713
Rotation: -1.0360347, -0.46616647, 5.2550936
