MutagenObjectType: PlacedObject
FormKey: 000CCF:VenpiCaveOverhaul.esm
Base: 029AD1:Starfield.esm
SourcePackIn: 02A314:Starfield.esm
Scale: 0.90999997
Position: 34.582283, 48.491516, 17.522081
Rotation: 0.17845559, -1.0850881, 1.4692969
