MutagenObjectType: PlacedObject
FormKey: 000C92:VenpiCaveOverhaul.esm
Base: 01C1B0:Starfield.esm
Scale: 0.96
Position: 27.547928, 36.80822, 16.144655
Rotation: 0.062640935, -0.34155512, 1.7784636
