MutagenObjectType: PlacedObject
FormKey: 000CF1:VenpiCaveOverhaul.esm
Base: 23CF65:Starfield.esm
Position: 41.43749, 42.327747, 14.211651
Rotation: 0, -0, 5.588851
