MutagenObjectType: PlacedObject
FormKey: 000C94:VenpiCaveOverhaul.esm
Base: 029B39:Starfield.esm
SourcePackIn: 20B14D:Starfield.esm
Scale: 1.17
Position: 35.154453, 54.740673, 13.00063
Rotation: 0.18735026, -0.35110834, 1.9330175
