MutagenObjectType: PlacedObject
FormKey: 000CD8:VenpiCaveOverhaul.esm
Base: 029B33:Starfield.esm
SourcePackIn: 1A07B6:Starfield.esm
Scale: 0.87
Position: 42.40735, 68.868355, 12.254274
Rotation: 0.101142034, -0.7067472, 6.1681676
