MutagenObjectType: PlacedObject
FormKey: 000CAA:VenpiCaveOverhaul.esm
Base: 02EC77:Starfield.esm
SourcePackIn: 02B039:Starfield.esm
Scale: 0.72999996
Position: 40.50698, 74.50391, 16.435055
Rotation: -0.26881337, -0.30636355, 1.7343289
