MutagenObjectType: PlacedObject
FormKey: 000CBF:VenpiCaveOverhaul.esm
Base: 02EC77:Starfield.esm
SourcePackIn: 022B98:Starfield.esm
Scale: 0.76
Position: 49.54441, 58.937584, 12.583927
Rotation: -3.046232, -0.36404425, 5.9939957
