MutagenObjectType: PlacedObject
FormKey: 000CC8:VenpiCaveOverhaul.esm
Base: 02EC7B:Starfield.esm
SourcePackIn: 02A320:Starfield.esm
Scale: 1.3
Position: 52.80684, 58.20069, 12.56072
Rotation: 2.8811238, -0.16507062, 4.647345
