MutagenObjectType: PlacedObject
FormKey: 000CD6:VenpiCaveOverhaul.esm
Base: 029B2B:Starfield.esm
Scale: 1.25
Position: 25.539387, 49.263012, 19.39118
Rotation: 0.054227244, -0.18222702, 2.1829283
