MutagenObjectType: PlacedObject
FormKey: 000CA0:VenpiCaveOverhaul.esm
Base: 029B39:Starfield.esm
SourcePackIn: 20B14D:Starfield.esm
Scale: 1.17
Position: 30.45063, 54.956844, 16.335968
Rotation: 1.1802802, 0.03562754, 3.9586327
