MutagenObjectType: PlacedObject
FormKey: 000CA9:VenpiCaveOverhaul.esm
Base: 029B39:Starfield.esm
SourcePackIn: 1A07B6:Starfield.esm
Scale: 0.87
Position: 46.828495, 73.19959, 11.265962
Rotation: -1.1629622, 0.9877425, 3.9105597
