MutagenObjectType: PlacedObject
FormKey: 000CFA:VenpiCaveOverhaul.esm
Base: 01D598:Starfield.esm
Scale: 1.25
Position: 42.121033, 47.543217, 14.5719595
Rotation: 3.109468, 0.087552555, 4.185279
