MutagenObjectType: PlacedObject
FormKey: 000CEA:VenpiCaveOverhaul.esm
Base: 029B39:Starfield.esm
SourcePackIn: 20B14D:Starfield.esm
Scale: 0.96999997
Position: 38.318363, 60.863888, 16.188042
Rotation: -3.0177567, 0.9883933, 2.6393793
