MutagenObjectType: PlacedObject
FormKey: 000CE9:VenpiCaveOverhaul.esm
Base: 26BA64:Starfield.esm
SourcePackIn: 2506C8:Starfield.esm
Position: 43.823303, 59.297752, 13.668621
Rotation: -0.21499132, 0.3299913, 2.4665012
