MutagenObjectType: PlacedObject
FormKey: 000CF8:VenpiCaveOverhaul.esm
Base: 029B33:Starfield.esm
SourcePackIn: 20B14D:Starfield.esm
Position: 36.238388, 58.662823, 15.10241
Rotation: 0.17838186, -0.024137443, 5.2686577
