MutagenObjectType: PlacedObject
FormKey: 000CB0:VenpiCaveOverhaul.esm
Base: 029B3B:Starfield.esm
SourcePackIn: 1A07B6:Starfield.esm
Scale: 0.87
Position: 51.568916, 72.838066, 10.992313
Rotation: -2.3752341, 0.09050742, 5.8314123
