MutagenObjectType: PlacedObject
FormKey: 000CD3:VenpiCaveOverhaul.esm
Base: 029B39:Starfield.esm
SourcePackIn: 20B14D:Starfield.esm
Scale: 0.96999997
Position: 36.80657, 60.233204, 18.414928
Rotation: -2.1634169, 0.40775067, 2.8959582
