MutagenObjectType: PlacedObject
FormKey: 000CEB:VenpiCaveOverhaul.esm
Base: 02EC65:Starfield.esm
SourcePackIn: 20B14D:Starfield.esm
Scale: 1.17
Position: 30.73082, 56.34436, 19.311695
Rotation: -3.1317687, -0.25077173, 4.1034703
