MutagenObjectType: PlacedObject
FormKey: 000CD4:VenpiCaveOverhaul.esm
Base: 029B3B:Starfield.esm
SourcePackIn: 022B28:Starfield.esm
Scale: 0.88
Position: 44.58839, 57.001915, 12.239446
Rotation: 0.33936608, 0.21300422, 3.4947865
