MutagenObjectType: PlacedObject
FormKey: 000CD5:VenpiCaveOverhaul.esm
Base: 029B3B:Starfield.esm
SourcePackIn: 20B14D:Starfield.esm
Scale: 0.96999997
Position: 33.98384, 57.68962, 19.489937
Rotation: -1.5802025, -1.2092893, 5.0204377
