MutagenObjectType: PlacedObject
FormKey: 000CAC:VenpiCaveOverhaul.esm
Base: 029B39:Starfield.esm
SourcePackIn: 02A320:Starfield.esm
Scale: 0.91999996
Position: 54.172607, 60.33996, 10.07184
Rotation: 0.41701806, -0.13576087, 3.5613656
