MutagenObjectType: PlacedObject
FormKey: 000CC6:VenpiCaveOverhaul.esm
Base: 029B39:Starfield.esm
SourcePackIn: 2506C8:Starfield.esm
Scale: 0.85999995
Position: 48.668266, 62.16254, 12.494699
Rotation: -3.0359988, 0.9734406, 0.14383371
