MutagenObjectType: PlacedObject
FormKey: 000CAB:VenpiCaveOverhaul.esm
Base: 029B37:Starfield.esm
Position: 37.759953, 47.78586, 12.47565
Rotation: -0.92516553, 0.27071595, 0.48670858
