MutagenObjectType: PlacedObject
FormKey: 000CC7:VenpiCaveOverhaul.esm
Base: 01D596:Starfield.esm
SourcePackIn: 2310A8:Starfield.esm
Position: 38.324417, 76.584564, 15.280386
Rotation: 1.4741551, -0.65265596, 1.249173
