MutagenObjectType: PlacedObject
FormKey: 000CB8:VenpiCaveOverhaul.esm
Base: 02EC77:Starfield.esm
SourcePackIn: 022B98:Starfield.esm
Scale: 0.76
Position: 43.63405, 56.17853, 12.722549
Rotation: 0.0078540575, -0.050439373, 3.20048
