MutagenObjectType: PlacedObject
FormKey: 000CB6:VenpiCaveOverhaul.esm
Base: 26BA64:Starfield.esm
SourcePackIn: 2506C8:Starfield.esm
Position: 46.28586, 58.875988, 12.809569
Rotation: 1.4703071, -1.0037322, 0.070239365
