MutagenObjectType: PlacedObject
FormKey: 000CFE:VenpiCaveOverhaul.esm
Base: 01C3B4:Starfield.esm
Scale: 0.65999997
Position: 41.385986, 63.427563, 11.547566
Rotation: -0.81949276, 0.27823153, 0.5599385
