MutagenObjectType: PlacedObject
FormKey: 000CB3:VenpiCaveOverhaul.esm
Base: 02EC77:Starfield.esm
SourcePackIn: 02A320:Starfield.esm
Scale: 0.91999996
Position: 58.15844, 55.889977, 11.369345
Rotation: 3.0381699, -0.38719496, 4.2808905
