MutagenObjectType: PlacedObject
FormKey: 000D7B:VenpiCaveOverhaul.esm
Base: 029AD5:Starfield.esm
SourcePackIn: 1A0807:Starfield.esm
Scale: 1.25
Position: 95.41622, 6.7831116, 9.185541
Rotation: 0.05152479, -0.730707, 1.9043877
