MutagenObjectType: PlacedObject
FormKey: 000D13:VenpiCaveOverhaul.esm
Base: 029ACF:Starfield.esm
SourcePackIn: 1A07B6:Starfield.esm
Scale: 0.90999997
Position: 53.559322, 58.50003, 11.70714
Rotation: 0.21672311, -0.3922371, 5.9743023
