MutagenObjectType: PlacedObject
FormKey: 000DC0:VenpiCaveOverhaul.esm
Base: 1562F3:Starfield.esm
Position: 26.017302, 56.221832, 24.523012
