MutagenObjectType: PlacedObject
FormKey: 000D1F:VenpiCaveOverhaul.esm
Base: 02EC79:Starfield.esm
SourcePackIn: 1A07B6:Starfield.esm
Scale: 0.90999997
Position: 47.4329, 57.488857, 12.784481
Rotation: 0.08974821, -0.16772497, 6.268164
