MutagenObjectType: PlacedObject
FormKey: 000D92:VenpiCaveOverhaul.esm
Base: 029B33:Starfield.esm
SourcePackIn: 2B7271:Starfield.esm
Scale: 0.65
Position: 87.99647, 65.58917, 6.385437
Rotation: -0.099279985, -0.164073, 0.6602717
