MutagenObjectType: PlacedObject
FormKey: 000D41:VenpiCaveOverhaul.esm
Base: 01C3B4:Starfield.esm
Position: 25.398891, 82.57962, 18.396381
Rotation: 2.33813, -1.2639744, 6.030054
