MutagenObjectType: PlacedObject
FormKey: 000DAD:VenpiCaveOverhaul.esm
Base: 029B39:Starfield.esm
Position: 74.08656, 20.634628, 10.79133
Rotation: -0.43212673, 0.18577397, 4.978516
