MutagenObjectType: PlacedObject
FormKey: 000D8E:VenpiCaveOverhaul.esm
Base: 02EC79:Starfield.esm
SourcePackIn: 02A3B6:Starfield.esm
Scale: 1.13
Position: 85.19426, 90.42879, 7.5901337
Rotation: 0.4951326, 0.40786448, 3.1914198
