MutagenObjectType: PlacedObject
FormKey: 000DA0:VenpiCaveOverhaul.esm
Base: 029AC6:Starfield.esm
SourcePackIn: 02B065:Starfield.esm
Scale: 1.99
Position: 10.358232, 15.189084, 27.758785
Rotation: 0.27439904, -0.20742317, 0.081989296
