MutagenObjectType: PlacedObject
FormKey: 000D3C:VenpiCaveOverhaul.esm
Base: 029B3B:Starfield.esm
Scale: 1.23
Position: 56.16699, 9.529585, 17.636774
Rotation: -0.005710841, -0.3127312, 5.97217
