MutagenObjectType: PlacedObject
FormKey: 000DB8:VenpiCaveOverhaul.esm
Base: 029AC6:Starfield.esm
SourcePackIn: 02B065:Starfield.esm
Scale: 1.99
Position: 61.162464, 40.972, 12.727939
Rotation: -0.13926116, -0.4359171, 2.1070855
