MutagenObjectType: PlacedObject
FormKey: 000D9D:VenpiCaveOverhaul.esm
Base: 029AD1:Starfield.esm
SourcePackIn: 1A0803:Starfield.esm
Scale: 1.25
Position: 53.302887, 92.86376, 10.397543
Rotation: -0.3959874, -0.34580526, 3.3940146
