MutagenObjectType: PlacedObject
FormKey: 000DAF:VenpiCaveOverhaul.esm
Base: 029B3B:Starfield.esm
Position: 61.2446, 23.379267, 18.866571
Rotation: -0.08495624, 0.572332, 3.7266686
