MutagenObjectType: PlacedObject
FormKey: 000D10:VenpiCaveOverhaul.esm
Base: 029ACF:Starfield.esm
SourcePackIn: 02B039:Starfield.esm
Scale: 0.75
Position: 39.79876, 76.45081, 17.33238
Rotation: -0.17514212, -0.5523898, 3.8725257
