MutagenObjectType: PlacedObject
FormKey: 000D93:VenpiCaveOverhaul.esm
Base: 029ACB:Starfield.esm
SourcePackIn: 2B7271:Starfield.esm
Scale: 0.75
Position: 93.919395, 69.06615, 7.721937
Rotation: 0.029283904, -0, 2.9414515
