MutagenObjectType: PlacedObject
FormKey: 000D3B:VenpiCaveOverhaul.esm
Base: 029B37:Starfield.esm
Scale: 1.22
Position: 50.923656, 9.851898, 18.611744
Rotation: -3.1402197, -0.39294666, 4.9117327
