MutagenObjectType: PlacedObject
FormKey: 000DA6:VenpiCaveOverhaul.esm
Base: 2504F2:Starfield.esm
SourcePackIn: 022B34:Starfield.esm
Position: 11.413963, 8.222142, 26.289896
Rotation: -0.13106857, -0.28267756, 1.6669981
