MutagenObjectType: PlacedObject
FormKey: 000DBA:VenpiCaveOverhaul.esm
Base: 029B3B:Starfield.esm
SourcePackIn: 2CE45A:Starfield.esm
Scale: 0.84999996
Position: 52.054665, 40.26255, 12.397334
Rotation: 0.029323643, -0.17396797, 1.4328768
