MutagenObjectType: PlacedObject
FormKey: 000D3A:VenpiCaveOverhaul.esm
Base: 029B27:Starfield.esm
Scale: 1.37
Position: 63.524055, 26.912395, 16.93746
Rotation: -0.0045570037, 0.51536834, 4.2645826
