MutagenObjectType: PlacedObject
FormKey: 000D1C:VenpiCaveOverhaul.esm
Base: 029B3B:Starfield.esm
SourcePackIn: 1A07B6:Starfield.esm
Scale: 0.98999995
Position: 36.997208, 61.765343, 14.901026
Rotation: 0.4788638, -0.84667945, 3.2893605
