MutagenObjectType: PlacedObject
FormKey: 000DB9:VenpiCaveOverhaul.esm
Base: 02EC77:Starfield.esm
SourcePackIn: 02B065:Starfield.esm
Scale: 1.3199999
Position: 62.16882, 42.63465, 11.977969
Rotation: -0.74335665, 0.27952898, 3.20184
