MutagenObjectType: PlacedObject
FormKey: 000D9F:VenpiCaveOverhaul.esm
Base: 02EC7B:Starfield.esm
SourcePackIn: 02B065:Starfield.esm
Scale: 1.3199999
Position: 11.078233, 13.17823, 27.09424
Rotation: -0.5584046, -0.017073685, 4.1861153
