MutagenObjectType: PlacedObject
FormKey: 000D45:VenpiCaveOverhaul.esm
Base: 2B3CAE:Starfield.esm
Layer: 0758E3:Starfield.esm
Position: 90.589195, 52.92901, 11.66551
Rotation: 0, -0, 3.8223894
