MutagenObjectType: PlacedObject
FormKey: 000D8B:VenpiCaveOverhaul.esm
Base: 029AC9:Starfield.esm
SourcePackIn: 02A3B6:Starfield.esm
Scale: 1.1999999
Position: 83.86171, 89.52752, 6.9209447
Rotation: 2.8511777, -1.1455233, 5.2586
