MutagenObjectType: PlacedObject
FormKey: 000D18:VenpiCaveOverhaul.esm
Base: 029ACF:Starfield.esm
SourcePackIn: 1A07B6:Starfield.esm
Scale: 1.0799999
Position: 39.62548, 75.83509, 16.838642
Rotation: -1.8460577, 0.23312405, 5.2563443
