MutagenObjectType: PlacedObject
FormKey: 000D26:VenpiCaveOverhaul.esm
Base: 029B33:Starfield.esm
SourcePackIn: 20B14D:Starfield.esm
Position: 34.36885, 52.651417, 14.987012
Rotation: -0.17647673, 0.035575192, 2.1908603
