MutagenObjectType: PlacedObject
FormKey: 000D5D:VenpiCaveOverhaul.esm
Base: 250538:Starfield.esm
SourcePackIn: 022ADC:Starfield.esm
Position: 91.07568, 32.65344, 8.463511
Rotation: 0.05852006, -0.05842733, 3.9593859
