MutagenObjectType: PlacedObject
FormKey: 000DA1:VenpiCaveOverhaul.esm
Base: 02EC77:Starfield.esm
SourcePackIn: 02B065:Starfield.esm
Scale: 1.3199999
Position: 8.328763, 15.68541, 27.683048
Rotation: -0.37730163, -1.0123562, 1.4809365
