MutagenObjectType: PlacedObject
FormKey: 000D89:VenpiCaveOverhaul.esm
Base: 2505DC:Starfield.esm
SourcePackIn: 1A0845:Starfield.esm
Position: 77.940895, 67.97639, 8.344757
Rotation: -0.043951027, 0.043875303, 1.7324075
