MutagenObjectType: PlacedObject
FormKey: 000D94:VenpiCaveOverhaul.esm
Base: 23109B:Starfield.esm
SourcePackIn: 2B7271:Starfield.esm
Position: 89.342316, 70.67099, 7.7323914
Rotation: 0.04391168, -0.08758177, 4.9603133
