MutagenObjectType: PlacedObject
FormKey: 000D49:VenpiCaveOverhaul.esm
Base: 2B3CB2:Starfield.esm
Layer: 06C746:Starfield.esm
Position: 90.88481, 52.599754, 11.1183605
Rotation: 0, -0, 3.8223894
