MutagenObjectType: PlacedObject
FormKey: 000DA4:VenpiCaveOverhaul.esm
Base: 029B3B:Starfield.esm
SourcePackIn: 022B34:Starfield.esm
Scale: 0.69
Position: 16.158789, 5.864165, 24.377337
Rotation: -0.07310311, -0.15934026, 2.6841671
