MutagenObjectType: PlacedObject
FormKey: 000D1E:VenpiCaveOverhaul.esm
Base: 029B37:Starfield.esm
SourcePackIn: 1A07B6:Starfield.esm
Scale: 0.7
Position: 47.891624, 67.37252, 10.829648
Rotation: -2.0316339, -0.36027017, 0.17326021
