MutagenObjectType: PlacedObject
FormKey: 000D2A:VenpiCaveOverhaul.esm
Base: 01D598:Starfield.esm
Scale: 1.25
Position: 38.383392, 52.04621, 14.363226
Rotation: 3.0142174, 0.06323653, 3.5164406
