MutagenObjectType: PlacedObject
FormKey: 000D5C:VenpiCaveOverhaul.esm
Base: 2504E0:Starfield.esm
SourcePackIn: 022ADC:Starfield.esm
Position: 84.78476, 27.693798, 9.334778
Rotation: 0.05852006, -0.05842733, 4.6593833
