MutagenObjectType: PlacedObject
FormKey: 000DB3:VenpiCaveOverhaul.esm
Base: 029AC9:Starfield.esm
SourcePackIn: 02B039:Starfield.esm
Scale: 1.25
Position: 68.28133, 41.71917, 11.360518
Rotation: -0.0054894644, 0.28512996, 3.079042
