MutagenObjectType: PlacedObject
FormKey: 000D54:VenpiCaveOverhaul.esm
Base: 01C1AA:Starfield.esm
SourcePackIn: 022ADC:Starfield.esm
Scale: 1.04
Position: 93.69166, 39.030563, 8.59907
Rotation: 0.6032317, 0.22120024, 4.1744194
