MutagenObjectType: PlacedObject
FormKey: 000D33:VenpiCaveOverhaul.esm
Base: 029B33:Starfield.esm
Scale: 0.84999996
Position: 27.364473, 54.970715, 22.762403
Rotation: -0.092218116, -0.14598872, 1.6298429
