MutagenObjectType: PlacedObject
FormKey: 000D44:VenpiCaveOverhaul.esm
Base: 2B3877:Starfield.esm
Layer: 035BAA:Starfield.esm
Position: 92.52891, 55.42204, 11.35882
Rotation: 0, -0, 3.8223894
