MutagenObjectType: PlacedObject
FormKey: 000D66:VenpiCaveOverhaul.esm
Base: 02EC77:Starfield.esm
SourcePackIn: 022BE4:Starfield.esm
Scale: 0.88
Position: 55.336327, 21.007776, 21.677086
Rotation: 1.2768295, -0.7212372, 4.7158413
