MutagenObjectType: PlacedObject
FormKey: 000D51:VenpiCaveOverhaul.esm
Base: 36B80B:Starfield.esm
Position: 33.608192, 56.194397, 16.492085
Rotation: 0, -0, 1.8449999
