MutagenObjectType: PlacedObject
FormKey: 000D61:VenpiCaveOverhaul.esm
Base: 029ACF:Starfield.esm
SourcePackIn: 022ADC:Starfield.esm
Scale: 1.05
Position: 82.149796, 33.290318, 9.295608
Rotation: 0.49720997, -0.8936756, 4.527313
