MutagenObjectType: PlacedObject
FormKey: 000D32:VenpiCaveOverhaul.esm
Base: 029B33:Starfield.esm
Scale: 0.84999996
Position: 35.900475, 35.39993, 17.325089
Rotation: 0.026224526, 0.17051479, 4.358522
