MutagenObjectType: PlacedObject
FormKey: 000D69:VenpiCaveOverhaul.esm
Base: 029AC6:Starfield.esm
SourcePackIn: 022BE4:Starfield.esm
Scale: 0.89
Position: 60.00366, 26.151937, 21.107573
Rotation: 0.020259157, -0.36460823, 2.8898604
