MutagenObjectType: PlacedObject
FormKey: 000DB5:VenpiCaveOverhaul.esm
Base: 029ACD:Starfield.esm
SourcePackIn: 02B039:Starfield.esm
Scale: 1.25
Position: 68.228294, 39.151436, 11.654092
Rotation: -0.41443598, -0.25898674, 1.4737419
