MutagenObjectType: PlacedObject
FormKey: 000D40:VenpiCaveOverhaul.esm
Base: 0196F6:Starfield.esm
Scale: 1.0699999
Position: 10.499561, 82.61752, 14.832173
Rotation: 1.2106279, 0.8261263, 4.502841
