MutagenObjectType: PlacedObject
FormKey: 000D68:VenpiCaveOverhaul.esm
Base: 029AC9:Starfield.esm
SourcePackIn: 022BE4:Starfield.esm
Scale: 1.04
Position: 57.61715, 20.910898, 21.193783
Rotation: -0.07310304, -0.18768574, 2.9066906
