MutagenObjectType: PlacedObject
FormKey: 000D2B:VenpiCaveOverhaul.esm
Base: 01C3B4:Starfield.esm
Scale: 0.96
Position: 33.288155, 48.558914, 13.781643
Rotation: 0.7070732, 0.1748058, 6.005902
