MutagenObjectType: PlacedObject
FormKey: 000DA8:VenpiCaveOverhaul.esm
Base: 029B3B:Starfield.esm
SourcePackIn: 2CE45A:Starfield.esm
Scale: 0.84999996
Position: 1.8527671, 10.963799, 25.796701
Rotation: -0.1881678, -0.17099212, 3.0142956
