MutagenObjectType: PlacedObject
FormKey: 000D62:VenpiCaveOverhaul.esm
Base: 029ACD:Starfield.esm
SourcePackIn: 022ADC:Starfield.esm
Scale: 1.04
Position: 94.04791, 25.242867, 9.143917
Rotation: -0.014646616, -0, 3.961096
