MutagenObjectType: PlacedObject
FormKey: 000D1D:VenpiCaveOverhaul.esm
Base: 029B3B:Starfield.esm
SourcePackIn: 1A07B6:Starfield.esm
Scale: 1.03
Position: 43.416405, 62.656315, 11.711702
Rotation: -0.40936604, -0.50698966, 5.912726
