MutagenObjectType: PlacedObject
FormKey: 000D67:VenpiCaveOverhaul.esm
Base: 029AC6:Starfield.esm
SourcePackIn: 022BE4:Starfield.esm
Scale: 1.18
Position: 60.14997, 18.932178, 20.575256
Rotation: -0.25639898, -0.7460499, 4.026129
