MutagenObjectType: PlacedObject
FormKey: 000D5A:VenpiCaveOverhaul.esm
Base: 029B27:Starfield.esm
SourcePackIn: 022ADC:Starfield.esm
Scale: 0.85999995
Position: 83.28489, 42.86691, 6.305304
Rotation: -0.28676376, 0.028450774, 0.84167874
