MutagenObjectType: PlacedObject
FormKey: 000DAA:VenpiCaveOverhaul.esm
Base: 029ACD:Starfield.esm
SourcePackIn: 2CE45A:Starfield.esm
Scale: 1.25
Position: 5.4522815, 11.729751, 27.623022
Rotation: 1.0332317, -0.08166696, 2.5016325
