MutagenObjectType: PlacedObject
FormKey: 000D5F:VenpiCaveOverhaul.esm
Base: 2506E5:Starfield.esm
SourcePackIn: 022ADC:Starfield.esm
Position: 78.14709, 34.85066, 9.6399555
Rotation: 0.05851956, -0.14520432, 3.2568178
