MutagenObjectType: PlacedObject
FormKey: 000D6E:VenpiCaveOverhaul.esm
Base: 250748:Starfield.esm
SourcePackIn: 02A3B1:Starfield.esm
Position: 22.959126, 10.3298, 26.079346
Rotation: -0.2578405, 0.11283237, 2.7980413
