MutagenObjectType: PlacedObject
FormKey: 000D6A:VenpiCaveOverhaul.esm
Base: 2506E5:Starfield.esm
SourcePackIn: 022BE4:Starfield.esm
Position: 55.133587, 25.521158, 21.722229
Rotation: 0.01464576, 0.01464614, 4.470709
