MutagenObjectType: PlacedObject
FormKey: 000D39:VenpiCaveOverhaul.esm
Base: 029B27:Starfield.esm
Scale: 1.22
Position: 49.07828, 35.925312, 16.32862
Rotation: -2.2647974, -0.55594003, 1.8464212
