MutagenObjectType: PlacedObject
FormKey: 000D4C:VenpiCaveOverhaul.esm
Base: 2B3CB1:Starfield.esm
Layer: 06C745:Starfield.esm
Position: 90.89458, 52.655045, 11.500631
Rotation: 0, -0, 3.8223894
