MutagenObjectType: PlacedObject
FormKey: 000D3E:VenpiCaveOverhaul.esm
Base: 01C1AC:Starfield.esm
Scale: 1.0699999
Position: 30.249199, 90.06012, 10.944865
Rotation: 0.030015832, -0.20637888, 4.6711164
