MutagenObjectType: PlacedObject
FormKey: 000C37:VenpiCaveOverhaul.esm
Base: 250504:Starfield.esm
SourcePackIn: 022B77:Starfield.esm
Layer: 133227:Starfield.esm
Position: 2.199504, -11.047968, 9.1459055
Rotation: -0.014647713, -0.01464614, 4.883379
