MutagenObjectType: PlacedObject
FormKey: 0013A6:VenpiCaveOverhaul.esm
Base: 1290A7:Starfield.esm
ReferenceGroup: 047990:Starfield.esm
Layer: 246A96:Starfield.esm
Scale: 0.62
Position: 37.366287, 52.458588, 12.105415
Rotation: -3.1406157, 1.0471976, 1.5716426
