MutagenObjectType: PlacedObject
FormKey: 0013A7:VenpiCaveOverhaul.esm
Base: 1ECFC7:Starfield.esm
ReferenceGroup: 047997:Starfield.esm
Layer: 246A96:Starfield.esm
Scale: 0.62
Position: 37.007427, 52.64689, 12.1054125
Rotation: -1.5707964, 1.5703079, 3.1415927
