MutagenObjectType: PlacedObject
FormKey: 00135E:VenpiCaveOverhaul.esm
Base: 143766:Starfield.esm
Scale: 0.59
Position: 36.062035, 51.919136, 12.7734375
Rotation: 0, -0, 3.9331858
