MutagenObjectType: PlacedObject
FormKey: 00138E:VenpiCaveOverhaul.esm
Base: 2AF921:Starfield.esm
Layer: 2639D6:Starfield.esm
Scale: 0.21
Position: 34.082535, 30.141308, 16.592085
Rotation: 1.5707964, -0.01732792, 3.141593
