MutagenObjectType: PlacedObject
FormKey: 00136A:VenpiCaveOverhaul.esm
Base: 02E9DB:Starfield.esm
Layer: 2639D6:Starfield.esm
Position: 29.98468, 31.398987, 12.999403
Rotation: 0, -0, 2.5993745
