MutagenObjectType: PlacedObject
FormKey: 00137B:VenpiCaveOverhaul.esm
Base: 25560A:Starfield.esm
Layer: 2639D6:Starfield.esm
Position: 38.55807, 44.845375, 13.719944
Rotation: -1.5707964, 0.5449801, 3.1415925
