MutagenObjectType: PlacedObject
FormKey: 001351:VenpiCaveOverhaul.esm
Base: 23753F:Starfield.esm
Layer: 2639D6:Starfield.esm
Scale: 0.79999995
Position: 33.88677, 47.290707, 13.141307
Rotation: 0, -0, 3.8943415
