MutagenObjectType: PlacedObject
FormKey: 001383:VenpiCaveOverhaul.esm
Base: 255603:Starfield.esm
Layer: 2639D6:Starfield.esm
Scale: 0.59999996
Position: 38.782272, 45.17024, 13.100046
Rotation: 0, -0, 5.2985835
