MutagenObjectType: PlacedObject
FormKey: 0013AA:VenpiCaveOverhaul.esm
Base: 1290A7:Starfield.esm
ReferenceGroup: 047997:Starfield.esm
Layer: 246A96:Starfield.esm
Scale: 0.62
Position: 37.007427, 51.734028, 12.105414
Rotation: -1.5707964, 1.5703079, 3.1415927
