MutagenObjectType: PlacedObject
FormKey: 0013AD:VenpiCaveOverhaul.esm
Base: 1290A7:Starfield.esm
ReferenceGroup: 047998:Starfield.esm
Layer: 246A96:Starfield.esm
Scale: 0.62
Position: 32.5, 40.25, 18.748367
Rotation: -1.5713602, 0.5235988, 4.712107
