MutagenObjectType: PlacedObject
FormKey: 00134E:VenpiCaveOverhaul.esm
Base: 126CE0:Starfield.esm
Layer: 246A96:Starfield.esm
Position: 45.80072, 50.348656, 14.023115
Rotation: -2.5746422, -1.2005944, 5.489067
