MutagenObjectType: PlacedObject
FormKey: 001372:VenpiCaveOverhaul.esm
Base: 00FBDB:Starfield.esm
Layer: 2639D6:Starfield.esm
Position: 34.915462, 30.711773, 14.23999
Rotation: 0, -0, 0.042780127
