MutagenObjectType: PlacedObject
FormKey: 00139C:VenpiCaveOverhaul.esm
Base: 2B0712:Starfield.esm
ReferenceGroup: 047987:Starfield.esm
Layer: 2639D6:Starfield.esm
Scale: 0.79999995
Position: 34.86508, 49.236694, 16.250921
Rotation: 0, -0, 3.158575
