MutagenObjectType: PlacedObject
FormKey: 00135D:VenpiCaveOverhaul.esm
Base: 2B183A:Starfield.esm
Layer: 2639D6:Starfield.esm
Position: 38.4473, 47.045174, 13.013587
Rotation: 0, -0, 0.8045937
