MutagenObjectType: PlacedObject
FormKey: 0013A5:VenpiCaveOverhaul.esm
Base: 142DB5:Starfield.esm
ReferenceGroup: 047990:Starfield.esm
Layer: 246A96:Starfield.esm
Scale: 0.65999997
Position: 37.366287, 50.844093, 12.105417
Rotation: -0.019999105, -0.0003454812, 4.712389
