MutagenObjectType: PlacedObject
FormKey: 0013A3:VenpiCaveOverhaul.esm
Base: 2C5F46:Starfield.esm
ReferenceGroup: 047990:Starfield.esm
Layer: 246A96:Starfield.esm
Scale: 0.62
Position: 37.366287, 50.89985, 12.10541
Rotation: -3.1415927, 0, 1.5707964
