MutagenObjectType: PlacedObject
FormKey: 0013BF:VenpiCaveOverhaul.esm
Base: 2C5F46:Starfield.esm
ReferenceGroup: 047998:Starfield.esm
Layer: 246A96:Starfield.esm
Scale: 0.62
Position: 32.5, 40.25, 17.189629
Rotation: 3.1415927, 1.5707964, 3.1415927
