MutagenObjectType: PlacedObject
FormKey: 0013D6:VenpiCaveOverhaul.esm
Base: 2514EC:Starfield.esm
ReferenceGroup: 0479C7:Starfield.esm
Position: 35.664925, 31.49486, 13.000722
Rotation: 0.00033622142, 0.0002859076, 3.8614452
