MutagenObjectType: PlacedObject
FormKey: 00138D:VenpiCaveOverhaul.esm
Base: 2AF921:Starfield.esm
Layer: 2639D6:Starfield.esm
Scale: 0.21
Position: 35.74384, 30.112526, 16.592085
Rotation: 1.5707964, -0.01732792, 3.141593
