MutagenObjectType: PlacedObject
FormKey: 001347:VenpiCaveOverhaul.esm
Base: 12A780:Starfield.esm
Position: 36.287094, 52.547253, 12.7734375
