MutagenObjectType: PlacedObject
FormKey: 00134D:VenpiCaveOverhaul.esm
Base: 23753C:Starfield.esm
ReferenceGroup: 04791A:Starfield.esm
Layer: 246A96:Starfield.esm
Position: 46.367336, 48.925346, 13.630582
Rotation: 0.34651595, -0.20411795, 5.7450733
