MutagenObjectType: PlacedObject
FormKey: 001395:VenpiCaveOverhaul.esm
Base: 2AF921:Starfield.esm
Layer: 2639D6:Starfield.esm
Scale: 0.19999999
Position: 33.67533, 39.389797, 16.597944
Rotation: 1.5707964, -0.017327733, 4.712389
