MutagenObjectType: PlacedObject
FormKey: 0013D1:VenpiCaveOverhaul.esm
Base: 2AC1CB:Starfield.esm
ReferenceGroup: 0479C7:Starfield.esm
Position: 36.281517, 30.712435, 12.9939375
Rotation: -0.00091238064, 0.0017469994, 3.2661412
