MutagenObjectType: PlacedObject
FormKey: 001389:VenpiCaveOverhaul.esm
Base: 2AC1F0:Starfield.esm
Layer: 2639D6:Starfield.esm
Position: 36.166187, 53.493774, 12.912737
Rotation: 0, -0, 0.05238384
