MutagenObjectType: PlacedObject
FormKey: 0013A8:VenpiCaveOverhaul.esm
Base: 2C5F48:Starfield.esm
ReferenceGroup: 047997:Starfield.esm
Layer: 246A96:Starfield.esm
Scale: 0.78999996
Position: 37.007427, 51.219894, 12.1054125
Rotation: -1.5880665, -1.5507942, 0.017266255
