MutagenObjectType: PlacedObject
FormKey: 001341:VenpiCaveOverhaul.esm
Base: 0001F8:Starfield.esm
Position: 44.039165, 52.53308, 14.521041
