MutagenObjectType: PlacedObject
FormKey: 0013D8:VenpiCaveOverhaul.esm
Base: 069848:Starfield.esm
ReferenceGroup: 0479D0:Starfield.esm
Layer: 2639D6:Starfield.esm
Position: 37.082134, 33.728497, 13.57737
Rotation: 0, -0, 5.2139745
