MutagenObjectType: PlacedObject
FormKey: 00137A:VenpiCaveOverhaul.esm
Base: 2AC95F:Starfield.esm
Layer: 2639D6:Starfield.esm
Position: 38.762848, 45.41774, 14.008459
Rotation: 0, -0, 5.298584
