MutagenObjectType: PlacedObject
FormKey: 00134B:VenpiCaveOverhaul.esm
Base: 237544:Starfield.esm
ReferenceGroup: 04791A:Starfield.esm
Layer: 246A96:Starfield.esm
Position: 45.84656, 49.6158, 14.108069
Rotation: 0.15227526, -0.24006835, 1.3557137
