MutagenObjectType: PlacedObject
FormKey: 0013D5:VenpiCaveOverhaul.esm
Base: 2514EC:Starfield.esm
ReferenceGroup: 0479C7:Starfield.esm
Position: 35.7061, 31.546278, 13.241394
Rotation: 0.0008564888, 0.000676484, 2.0548081
