MutagenObjectType: PlacedObject
FormKey: 0013B2:VenpiCaveOverhaul.esm
Base: 14B8DA:Starfield.esm
Position: 36.458073, 32.445915, 13.012451
Rotation: 0, -0, 0.91
