MutagenObjectType: PlacedObject
FormKey: 00138C:VenpiCaveOverhaul.esm
Base: 20B986:Starfield.esm
Layer: 2639D6:Starfield.esm
Position: 36.66491, 33.330864, 13.824413
Rotation: -0.0016455438, 0.0013224185, 1.4717377
