MutagenObjectType: PlacedObject
FormKey: 00136F:VenpiCaveOverhaul.esm
Base: 3EA3B9:Starfield.esm
Position: 32.77022, 31.88138, 13.799856
Rotation: 0, -0, 5.8306856
