MutagenObjectType: PlacedObject
FormKey: 00134F:VenpiCaveOverhaul.esm
Base: 2A0E3F:Starfield.esm
Layer: 2639D6:Starfield.esm
Position: 33.886776, 47.83123, 14.963025
Rotation: -0, -0, 4.9233313
