MutagenObjectType: PlacedObject
FormKey: 001385:VenpiCaveOverhaul.esm
Base: 035812:Starfield.esm
Position: 37.938843, 45.13247, 12.986237
Rotation: 0, -0, 5.0431857
