MutagenObjectType: PlacedObject
FormKey: 001370:VenpiCaveOverhaul.esm
XALG: 0x0800000000000000
Base: 1C117C:Starfield.esm
Position: 29.488092, 28.227543, 13.183948
Rotation: 0.39417848, -0.46716776, 5.8480062
