MutagenObjectType: PlacedObject
FormKey: 0013CB:VenpiCaveOverhaul.esm
Base: 14B8DA:Starfield.esm
Position: 36.52442, 35.69269, 14.150427
Rotation: 0, -0, 3.0199997
