MutagenObjectType: PlacedObject
FormKey: 001345:VenpiCaveOverhaul.esm
Base: 14781A:Starfield.esm
Position: 32.56253, 31.70703, 13.82371
Rotation: 0, -0, 3.8406858
