MutagenObjectType: PlacedObject
FormKey: 0013A1:VenpiCaveOverhaul.esm
Base: 1ECFC7:Starfield.esm
ReferenceGroup: 047990:Starfield.esm
Layer: 246A96:Starfield.esm
Scale: 0.62
Position: 37.366287, 52.13722, 12.1054125
Rotation: -3.141104, 0, 1.5707964
