MutagenObjectType: PlacedObject
FormKey: 0013C2:VenpiCaveOverhaul.esm
Base: 14B8DB:Starfield.esm
Position: 36.55208, 35.654972, 13.890518
Rotation: 0, -0, 3.0900002
