MutagenObjectType: PlacedObject
FormKey: 0013D4:VenpiCaveOverhaul.esm
Base: 2A0E3F:Starfield.esm
ReferenceGroup: 0479C7:Starfield.esm
Position: 35.919765, 30.952805, 13.001757
Rotation: -0.00042498604, -0.005809622, 5.0144234
