MutagenObjectType: PlacedObject
FormKey: 001344:VenpiCaveOverhaul.esm
Base: 108708:Starfield.esm
Position: 32.29057, 31.72054, 14.143648
Rotation: 0, -0, 3.990686
