MutagenObjectType: PlacedObject
FormKey: 001378:VenpiCaveOverhaul.esm
Base: 2521C6:Starfield.esm
Scale: 0.95
Position: 39.258507, 47.5049, 12.987505
Rotation: -3.2501717E-07, -0.0004629919, 4.7443953
