MutagenObjectType: PlacedObject
FormKey: 00139E:VenpiCaveOverhaul.esm
Base: 2AF921:Starfield.esm
ReferenceGroup: 047987:Starfield.esm
Layer: 2639D6:Starfield.esm
Scale: 0.19999999
Position: 36.1571, 49.383965, 16.597944
Rotation: 1.5707964, -0.017327733, 4.712389
