MutagenObjectType: PlacedObject
FormKey: 001363:VenpiCaveOverhaul.esm
Base: 1BF529:Starfield.esm
Layer: 2639D6:Starfield.esm
Position: 36.163227, 50.062935, 12.999775
Rotation: 0, -0, 3.0466857
