MutagenObjectType: PlacedObject
FormKey: 001361:VenpiCaveOverhaul.esm
Base: 0304BF:Starfield.esm
Position: 36.707424, 45.952576, 13.104456
Rotation: 0, -0, 0.059917133
