MutagenObjectType: PlacedObject
FormKey: 001342:VenpiCaveOverhaul.esm
Base: 20D55A:Starfield.esm
Layer: 2639D6:Starfield.esm
Position: 36.815323, 32.88981, 13.797912
Rotation: 0, -0, 1.8174992
