MutagenObjectType: PlacedObject
FormKey: 0013C9:VenpiCaveOverhaul.esm
Base: 14B8E3:Starfield.esm
Position: 36.99834, 35.577633, 14.121492
Rotation: 0, -0, 0.64900005
