MutagenObjectType: PlacedObject
FormKey: 001374:VenpiCaveOverhaul.esm
Base: 2514FB:Starfield.esm
Position: 37.708416, 43.84781, 14.125728
Rotation: 0, -0, 5.0431857
