MutagenObjectType: PlacedObject
FormKey: 001369:VenpiCaveOverhaul.esm
Base: 02E9DB:Starfield.esm
Layer: 2639D6:Starfield.esm
Position: 30.114288, 29.550537, 12.99741
Rotation: 0, -0, 5.8431787
