MutagenObjectType: PlacedObject
FormKey: 0013BA:VenpiCaveOverhaul.esm
Base: 10C02C:Starfield.esm
ReferenceGroup: 0479AA:Starfield.esm
Layer: 246A96:Starfield.esm
Scale: 0.59999996
Position: 42.095543, 50.36966, 16.488327
Rotation: 0, -0, 2.3017957
