MutagenObjectType: PlacedObject
FormKey: 0013BC:VenpiCaveOverhaul.esm
Base: 14B8D7:Starfield.esm
Position: 36.972927, 35.57825, 13.890518
Rotation: 0, -0, 0.45900008
