MutagenObjectType: PlacedObject
FormKey: 001373:VenpiCaveOverhaul.esm
Base: 16EE8A:Starfield.esm
Layer: 2639D6:Starfield.esm
Scale: 1.1
Position: 36.64249, 44.767117, 12.999756
Rotation: 0, -0, 5.162196
