MutagenObjectType: PlacedObject
FormKey: 0013A4:VenpiCaveOverhaul.esm
Base: 1290A7:Starfield.esm
ReferenceGroup: 047990:Starfield.esm
Layer: 246A96:Starfield.esm
Scale: 0.62
Position: 37.366287, 51.224358, 12.105414
Rotation: -3.141104, 0, 1.5707964
