MutagenObjectType: PlacedObject
FormKey: 00137D:VenpiCaveOverhaul.esm
Base: 075D18:Starfield.esm
Layer: 2639D6:Starfield.esm
Position: 38.57159, 44.66592, 14.45878
Rotation: 0, -0, 0.48618126
