MutagenObjectType: PlacedObject
FormKey: 001452:VenpiCaveOverhaul.esm
Base: 133D06:Starfield.esm
ReferenceGroup: 06586A:Starfield.esm
Scale: 0.75
Position: 37.365772, 33.831417, 14.632087
Rotation: 1.5707977, 1.4847956, 3.1985939
