MutagenObjectType: PlacedObject
FormKey: 001476:VenpiCaveOverhaul.esm
MajorRecordFlagsRaw: 256
StarfieldMajorRecordFlags:
- 0x100
Base: 0484D9:Starfield.esm
Lighting:
  Fade1PlusMinus: 0.10536269
  Unknown1: 2880154539
  Unknown2: 2880154368
LightColors:
- UnknownColor: '#25C9FF'
  Unknown: -6076575255718002688
Layer: 2EAF7D:Starfield.esm
Position: 40.730015, 58.69827, 15.6817255
Rotation: 1.5484061, -2.3276849E-10, 4.710437
