MutagenObjectType: PlacedObject
FormKey: 00143E:VenpiCaveOverhaul.esm
Base: 088C81:Starfield.esm
Scale: 0.47
Position: 35.846195, 31.925919, 12.999756
Rotation: -0, -0, 4.712389
