MutagenObjectType: PlacedObject
FormKey: 0014CF:VenpiCaveOverhaul.esm
Base: 029AEB:Starfield.esm
SourcePackIn: 02A3D1:Starfield.esm
Position: 46.759857, 35.16036, 17.03044
Rotation: -0.7837714, -0.6446963, 5.689436
