MutagenObjectType: PlacedObject
FormKey: 001440:VenpiCaveOverhaul.esm
Base: 007E1E:Starfield.esm
Position: 33.19852, 43.92292, 14.349554
Rotation: -1.6361443, -1.1680068, 3.2112348
