MutagenObjectType: PlacedObject
FormKey: 00145E:VenpiCaveOverhaul.esm
Base: 10FA21:Starfield.esm
Scale: 0.59999996
Position: 33.23816, 32.32088, 12.999756
Rotation: 0, -0, 2.112389
