MutagenObjectType: PlacedObject
FormKey: 001488:VenpiCaveOverhaul.esm
MajorRecordFlagsRaw: 256
StarfieldMajorRecordFlags:
- 0x100
Base: 0484B9:Starfield.esm
Radius: -0.8332329
Lighting:
  Fov90PlusMinus: 7.8308334
  Fade1PlusMinus: 0.34018803
  ShadowDepthBias: 0.46249974
  Unknown1: 2880154539
  Unknown2: 2880154368
LightStaticShadowMap: False
LightColors:
- UnknownColor: '#01F2DA'
  Unknown: -6076575255718002688
Layer: 0011A1:Starfield.esm
Position: 34.89567, 48.86011, 16.656807
Rotation: 1.9707959, 1.7181115E-08, 4.712389
