MutagenObjectType: PlacedObject
FormKey: 0014D3:VenpiCaveOverhaul.esm
Base: 029AEB:Starfield.esm
SourcePackIn: 19FABC:Starfield.esm
Scale: 1.22
Position: 39.549557, 14.685527, 12.093907
Rotation: -0.9113587, 0.08556401, 4.712389
