MutagenObjectType: PlacedObject
FormKey: 00145D:VenpiCaveOverhaul.esm
Base: 10FA22:Starfield.esm
Scale: 0.59999996
Position: 34.51047, 30.211851, 12.9997015
Rotation: 0, -0, 0.9623891
