MutagenObjectType: PlacedObject
FormKey: 0014EB:VenpiCaveOverhaul.esm
Base: 1F567D:Starfield.esm
ProjectedDecal:
  WidthScale: 1
  HeightScale: 1
  UnknownFloat: 0.40000045
  UnknownInt: 2880154369
ConstrainedDecal: 4.129999, 1.0599986, 2
Position: 37.825974, 41.11567, 16.137686
Rotation: -1.5707963, -1.182029E-07, 3.1331854
