MutagenObjectType: PlacedObject
FormKey: 0014FD:VenpiCaveOverhaul.esm
Base: 087016:Starfield.esm
Position: 34.184814, 61.744663, 11.836975
Rotation: 1.7172771E-15, 3.285074E-15, 5.7619734
