MutagenObjectType: PlacedObject
FormKey: 001460:VenpiCaveOverhaul.esm
Base: 10FA20:Starfield.esm
Scale: 0.59999996
Position: 31.661083, 31.826326, 12.992552
Rotation: -0.123223975, -0.10817999, 4.4257607
