MutagenObjectType: PlacedObject
FormKey: 00145B:VenpiCaveOverhaul.esm
Base: 10FA18:Starfield.esm
Scale: 0.75
Position: 33.943203, 34.393124, 12.999756
Rotation: 0, -0, 2.6123888
