MutagenObjectType: PlacedObject
FormKey: 0014EA:VenpiCaveOverhaul.esm
Base: 25405C:Starfield.esm
SourcePackIn: 19FAFE:Starfield.esm
Position: 39.30767, 67.456604, 11.76886
Rotation: -1.1479298, 0.9131409, 3.4837296
