MutagenObjectType: PlacedObject
FormKey: 0014E7:VenpiCaveOverhaul.esm
Base: 25405B:Starfield.esm
SourcePackIn: 19FAB4:Starfield.esm
Position: 16.504644, 34.440388, 14.6429825
Rotation: -2.1705513, -0.07253067, 0.4328342
