MutagenObjectType: PlacedObject
FormKey: 001451:VenpiCaveOverhaul.esm
Base: 1C0E1C:Starfield.esm
ReferenceGroup: 06586A:Starfield.esm
Scale: 0.28
Position: 37.325714, 33.372692, 14.77983
Rotation: 0, -0, 1.6567963
