MutagenObjectType: PlacedObject
FormKey: 001487:VenpiCaveOverhaul.esm
MajorRecordFlagsRaw: 256
StarfieldMajorRecordFlags:
- 0x100
Base: 0484B9:Starfield.esm
Lighting:
  Fov90PlusMinus: 14.078934
  Fade1PlusMinus: 0.21625169
  ShadowDepthBias: 0.22249979
  Unknown1: 2880154539
  Unknown2: 2880154368
LightColors:
- UnknownColor: '#04357B'
  Unknown: -6076575255718002688
Layer: 0011A1:Starfield.esm
Position: 29.756403, 30.75319, 15.430579
Rotation: 1.5707961, -0.8000005, 3.9123893
