MutagenObjectType: PlacedObject
FormKey: 0014B4:VenpiCaveOverhaul.esm
Base: 029AEF:Starfield.esm
SourcePackIn: 19FABC:Starfield.esm
Position: 69.91196, 80.858376, 11.219349
Rotation: 2.1472383, -1.0867069, 2.754852
