MutagenObjectType: PlacedObject
FormKey: 0014CE:VenpiCaveOverhaul.esm
Base: 029ADD:Starfield.esm
SourcePackIn: 02A3D1:Starfield.esm
Scale: 1.04
Position: 53.218655, 33.70474, 11.723445
Rotation: -0.07311158, -0.2017476, 1.1005455
