MutagenObjectType: PlacedObject
FormKey: 0014DD:VenpiCaveOverhaul.esm
Base: 25405B:Starfield.esm
SourcePackIn: 19FA9B:Starfield.esm
Scale: 1.13
Position: 27.630468, 22.962042, 12.991244
Rotation: 1.678478, -0.7558153, 0.0071954564
