MutagenObjectType: PlacedObject
FormKey: 00147E:VenpiCaveOverhaul.esm
MajorRecordFlagsRaw: 256
StarfieldMajorRecordFlags:
- 0x100
Base: 0484B9:Starfield.esm
Lighting:
  Fov90PlusMinus: 32.1416
  Fade1PlusMinus: 0.13315022
  ShadowDepthBias: 0.22249979
  Unknown1: 2880154539
  Unknown2: 2880154368
LightColors:
- UnknownColor: '#04357B'
  Unknown: -6076575255718002688
Layer: 0011A1:Starfield.esm
Position: 30.102558, 30.525047, 15.430581
Rotation: 1.5707963, -0, 4.712389
