MutagenObjectType: PlacedObject
FormKey: 001495:VenpiCaveOverhaul.esm
Base: 00FF31:Starfield.esm
ConstrainedDecal: 4.699999, 4.065498, 1.5
Position: 28.43106, 30.783962, 12.252342
Rotation: 3.1415927, -0, 0.32079646
