MutagenObjectType: PlacedObject
FormKey: 0014E6:VenpiCaveOverhaul.esm
Base: 25405B:Starfield.esm
SourcePackIn: 19FAB4:Starfield.esm
Position: 15.093057, 41.034588, 11.892205
Rotation: -1.030022, 1.2338729, 6.2039027
