MutagenObjectType: PlacedObject
FormKey: 00145C:VenpiCaveOverhaul.esm
Base: 10FA1D:Starfield.esm
Scale: 0.59999996
Position: 34.070786, 35.35359, 12.999756
Rotation: 0, -0, 3.7123892
