MutagenObjectType: PlacedObject
FormKey: 001455:VenpiCaveOverhaul.esm
Base: 2B1880:Starfield.esm
ReferenceGroup: 06586A:Starfield.esm
Scale: 1.49
Position: 37.362522, 33.834885, 14.715544
Rotation: 0, -0, 1.6567963
