MutagenObjectType: PlacedObject
FormKey: 0014BA:VenpiCaveOverhaul.esm
Base: 01C3BE:Starfield.esm
Scale: 1.27
Position: 28.413666, 55.4921, 13.338299
Rotation: 1.437891, 1.2632458, 2.9784899
