MutagenObjectType: PlacedObject
FormKey: 0014C1:VenpiCaveOverhaul.esm
Base: 029AEF:Starfield.esm
SourcePackIn: 19FABC:Starfield.esm
Position: 58.39018, 61.743073, 11.751975
Rotation: 0.1488787, -0.22365026, 6.2499337
