MutagenObjectType: PlacedObject
FormKey: 0014C9:VenpiCaveOverhaul.esm
Base: 029AEB:Starfield.esm
SourcePackIn: 02A3D1:Starfield.esm
Scale: 1.1
Position: 55.184452, 48.077686, 11.1268015
Rotation: -0.68463624, -0.7352742, 0.4063435
