MutagenObjectType: PlacedObject
FormKey: 0014C0:VenpiCaveOverhaul.esm
Base: 25405B:Starfield.esm
SourcePackIn: 02A3D1:Starfield.esm
Scale: 1.1999999
Position: 44.619774, 51.23527, 14.421265
Rotation: 0, -0, 4.443939
