MutagenObjectType: PlacedObject
FormKey: 00144E:VenpiCaveOverhaul.esm
Base: 1C0E16:Starfield.esm
ReferenceGroup: 06586A:Starfield.esm
Scale: 0.21
Position: 37.352524, 33.83271, 14.66349
Rotation: -0.06276776, 0.0054077785, 1.6566267
