MutagenObjectType: PlacedObject
FormKey: 0014E8:VenpiCaveOverhaul.esm
Base: 029AEF:Starfield.esm
SourcePackIn: 19FAB4:Starfield.esm
Scale: 1.01
Position: 17.57252, 37.78899, 13.161772
Rotation: 2.6913688, 0.38846797, 4.6042376
