MutagenObjectType: PlacedObject
FormKey: 0014FC:VenpiCaveOverhaul.esm
Base: 087016:Starfield.esm
Position: 43.57975, 61.95767, 11.103424
Rotation: 3.7065785E-15, 4.490269E-17, 0.555788
