MutagenObjectType: PlacedObject
FormKey: 001438:VenpiCaveOverhaul.esm
Base: 00FF31:Starfield.esm
ConstrainedDecal: 2.3900006, 2.3000004, 1.5
Position: 38.39976, 42.100292, 12.334526
Rotation: 3.1415927, -0, 5.7207966
