MutagenObjectType: PlacedObject
FormKey: 0014E3:VenpiCaveOverhaul.esm
Base: 029AEF:Starfield.esm
SourcePackIn: 19FAFE:Starfield.esm
Scale: 0.95
Position: 29.212877, 76.48886, 10.990021
Rotation: 0.2440689, -0.2371, 0.58788866
