MutagenObjectType: PlacedObject
FormKey: 001445:VenpiCaveOverhaul.esm
Base: 29AE90:Starfield.esm
Scale: 0.12
Position: 37.26405, 33.255608, 14.352915
Rotation: -1.5703882, 0.10520352, 3.1416357
