MutagenObjectType: PlacedObject
FormKey: 0014B3:VenpiCaveOverhaul.esm
Base: 029AEB:Starfield.esm
SourcePackIn: 19FABC:Starfield.esm
Scale: 1.22
Position: 58.943447, 60.07489, 11.521986
Rotation: 0.059920754, -0.58947617, 6.2498465
