MutagenObjectType: PlacedObject
FormKey: 001444:VenpiCaveOverhaul.esm
Base: 29AE90:Starfield.esm
Scale: 0.12
Position: 37.34856, 34.05596, 14.352588
Rotation: -1.5703882, 0.10520352, 3.1416357
