MutagenObjectType: PlacedObject
FormKey: 0014D1:VenpiCaveOverhaul.esm
Base: 029AE7:Starfield.esm
SourcePackIn: 02A3D1:Starfield.esm
Position: 49.221943, 38.830006, 13.632521
Rotation: 0.38779783, -0.89119005, 4.9666433
