MutagenObjectType: PlacedObject
FormKey: 0014BE:VenpiCaveOverhaul.esm
Base: 25405B:Starfield.esm
SourcePackIn: 02A3D1:Starfield.esm
Position: 41.08542, 42.320763, 15.031576
Rotation: 0, -0, 3.3039389
