MutagenObjectType: PlacedObject
FormKey: 00148F:VenpiCaveOverhaul.esm
Base: 00FF31:Starfield.esm
ConstrainedDecal: 4.699999, 4.065498, 1.5
Position: 33.254963, 35.666374, 12.261837
Rotation: -3.1415927, -1.047566E-09, 4.403982
