MutagenObjectType: PlacedObject
FormKey: 00144F:VenpiCaveOverhaul.esm
Base: 2B1880:Starfield.esm
ReferenceGroup: 06586A:Starfield.esm
Scale: 1.3
Position: 37.331642, 33.51665, 14.357244
Rotation: 0, -0, 1.6567963
