MutagenObjectType: PlacedObject
FormKey: 001463:VenpiCaveOverhaul.esm
Base: 02EE4C:Starfield.esm
Scale: 1.05
Position: 30.655642, 32.013756, 16.99993
Rotation: 0, -0, 4.4258785
