MutagenObjectType: PlacedObject
FormKey: 001489:VenpiCaveOverhaul.esm
MajorRecordFlagsRaw: 256
StarfieldMajorRecordFlags:
- 0x100
Base: 0484B9:Starfield.esm
Lighting:
  Fov90PlusMinus: 9.39798
  Fade1PlusMinus: 0.37668517
  ShadowDepthBias: 0.18249992
  Unknown1: 2880154539
  Unknown2: 2880154368
LightColors:
- UnknownColor: '#00BC3354'
  Unknown: -6076575255718002688
Layer: 0011A1:Starfield.esm
Position: 37.319122, 41.19426, 16.167809
Rotation: 0.48731324, 0.31002018, 4.190043
