MutagenObjectType: PlacedObject
FormKey: 0014B7:VenpiCaveOverhaul.esm
Base: 029AF3:Starfield.esm
Position: 30.88372, 51.16052, 14.004241
Rotation: -0.034385838, -0.37422684, 4.7404885
