MutagenObjectType: PlacedObject
FormKey: 0014B5:VenpiCaveOverhaul.esm
Base: 029AEF:Starfield.esm
SourcePackIn: 19FABC:Starfield.esm
Scale: 1.09
Position: 63.203, 78.11852, 14.587388
Rotation: -0.3446032, -0.011681286, 2.4051723
