MutagenObjectType: PlacedObject
FormKey: 001453:VenpiCaveOverhaul.esm
Base: 1FE898:Starfield.esm
ReferenceGroup: 06586A:Starfield.esm
Scale: 0.35
Position: 37.320335, 33.41353, 14.320545
Rotation: 1.5707957, 1.4847963, 4.7933917
