MutagenObjectType: PlacedObject
FormKey: 0014DF:VenpiCaveOverhaul.esm
Base: 029AEF:Starfield.esm
SourcePackIn: 19FAB4:Starfield.esm
Position: 21.866255, 37.015625, 15.275915
Rotation: 2.3189254, -0.46137166, 5.6073565
