MutagenObjectType: PlacedObject
FormKey: 0014F7:VenpiCaveOverhaul.esm
MajorRecordFlagsRaw: 256
StarfieldMajorRecordFlags:
- 0x100
Base: 026B19:Starfield.esm
Lighting:
  Fov90PlusMinus: -17.164871
  Fade1PlusMinus: 1
  ShadowDepthBias: 0.39500004
  Unknown1: 2880154539
  Unknown2: 2880154368
Position: 38.99541, 53.03802, 16.524294
Rotation: 0, -1.5707964, 0
