MutagenObjectType: PlacedObject
FormKey: 0014C7:VenpiCaveOverhaul.esm
Base: 029AEF:Starfield.esm
SourcePackIn: 02A3D1:Starfield.esm
Position: 44.029037, 45.088467, 15.704429
Rotation: 1.6930616, -0.08447431, 1.8010898
