MutagenObjectType: PlacedObject
FormKey: 0014EF:VenpiCaveOverhaul.esm
Base: 088C81:Starfield.esm
Scale: 0.39
Position: 34.38364, 30.62493, 13.000061
Rotation: 0, -0, 4.512389
