MutagenObjectType: PlacedObject
FormKey: 0014D9:VenpiCaveOverhaul.esm
Base: 029AEF:Starfield.esm
SourcePackIn: 19FABC:Starfield.esm
Scale: 1.01
Position: 38.184578, 13.877041, 11.086363
Rotation: -0.4145167, 0.027452553, 4.712389
