MutagenObjectType: PlacedObject
FormKey: 00147D:VenpiCaveOverhaul.esm
MajorRecordFlagsRaw: 256
StarfieldMajorRecordFlags:
- 0x100
Base: 0484B9:Starfield.esm
Lighting:
  Fade1PlusMinus: 1.0423434
  ShadowDepthBias: 0.7524998
  Unknown1: 2880154539
  Unknown2: 2880154368
LightColors:
- UnknownColor: '#046CB2'
  Unknown: -6076575255718002688
Layer: 0011A1:Starfield.esm
Position: 34.89567, 29.946337, 16.814922
Rotation: 1.5707963, -0, 4.712389
