MutagenObjectType: PlacedObject
FormKey: 001435:VenpiCaveOverhaul.esm
Base: 1F5606:Starfield.esm
ProjectedDecal:
  WidthScale: 1
  HeightScale: 1
  UnknownFloat: 0.75000024
  UnknownInt: 2880154369
ConstrainedDecal: 1.0900003, 1.2000006, 0.75
Position: 36.39054, 44.58909, 13.067199
Rotation: -3.1415927, -0, 1.5707964
