MutagenObjectType: PlacedObject
FormKey: 0014E5:VenpiCaveOverhaul.esm
Base: 029AF3:Starfield.esm
SourcePackIn: 19FAB4:Starfield.esm
Scale: 0.75
Position: 19.271263, 35.171783, 13.297052
Rotation: 0.9441026, -0.6083799, 5.4081106
