MutagenObjectType: PlacedObject
FormKey: 001443:VenpiCaveOverhaul.esm
Base: 29AE90:Starfield.esm
Scale: 0.12
Position: 37.264076, 33.255875, 15.018795
Rotation: -1.5703882, 0.10520352, 3.1416357
