MutagenObjectType: PlacedObject
FormKey: 0014DB:VenpiCaveOverhaul.esm
Base: 25405B:Starfield.esm
SourcePackIn: 19FA9B:Starfield.esm
Position: 28.656784, 21.520731, 12.621196
Rotation: -1.9342479, -1.1437638, 5.0973654
