MutagenObjectType: PlacedObject
FormKey: 001496:VenpiCaveOverhaul.esm
Base: 00FF31:Starfield.esm
ConstrainedDecal: 4.699999, 4.065498, 1.5
Position: 33.16835, 49.52992, 12.277479
Rotation: -3.1415927, -0, 1.5707964
