MutagenObjectType: PlacedObject
FormKey: 001447:VenpiCaveOverhaul.esm
Base: 1C0E1A:Starfield.esm
ReferenceGroup: 06586A:Starfield.esm
Scale: 0.32999998
Position: 37.37214, 33.880314, 14.477376
Rotation: 0, -0, 1.6567963
