MutagenObjectType: PlacedObject
FormKey: 001556:VenpiCaveOverhaul.esm
Base: 23CF65:Starfield.esm
Position: 15.824238, 88.37161, 16.765217
Rotation: 0, 0, 0.6700845
