MutagenObjectType: PlacedObject
FormKey: 00158D:VenpiCaveOverhaul.esm
Base: 25405C:Starfield.esm
Scale: 0.29
Position: 39.51931, 45.184055, 16.966875
Rotation: 2.0221019, 0.42731106, 0.7170277
