MutagenObjectType: PlacedObject
FormKey: 0015D5:VenpiCaveOverhaul.esm
Base: 234E46:Starfield.esm
Scale: 1.65
Position: 43.07089, 51.670296, 16.600056
Rotation: 0, 0, 1.6513889
