MutagenObjectType: PlacedObject
FormKey: 001572:VenpiCaveOverhaul.esm
Base: 25405B:Starfield.esm
Scale: 0.44
Position: 35.61566, 59.016117, 11.580456
Rotation: 1.7124993, 0.6064949, 0.24456239
