MutagenObjectType: PlacedObject
FormKey: 0015C0:VenpiCaveOverhaul.esm
Base: 29AE51:Starfield.esm
Scale: 0.62
Position: 39.65392, 41.1703, 16.651611
Rotation: 1.5707964, 0, 1.5707965
