MutagenObjectType: PlacedObject
FormKey: 00150A:VenpiCaveOverhaul.esm
Base: 029AEB:Starfield.esm
SourcePackIn: 19FAFE:Starfield.esm
Scale: 1.1999999
Position: 45.46527, 80.03187, 11.155698
Rotation: 2.946741, 0.03977349, 0.7752233
