MutagenObjectType: PlacedObject
FormKey: 001555:VenpiCaveOverhaul.esm
Base: 1C090B:Starfield.esm
Position: 23.019339, 44.782486, 18.260565
Rotation: -0, -0.09966866, -0
