MutagenObjectType: PlacedObject
FormKey: 001545:VenpiCaveOverhaul.esm
Base: 23CF65:Starfield.esm
Position: 41.978317, 94.76066, 10.67836
Rotation: 0, 0, 0.7811917
