MutagenObjectType: PlacedObject
FormKey: 0015F9:VenpiCaveOverhaul.esm
Base: 309DA0:Starfield.esm
Position: 36.16338, 52.698254, 12.940492
Rotation: 0, -0, 2.3000002
