MutagenObjectType: PlacedObject
FormKey: 001544:VenpiCaveOverhaul.esm
Base: 23CF65:Starfield.esm
Position: 9.838242, 91.55921, 18.779858
Rotation: 0, 0, 4.0424166
