MutagenObjectType: PlacedObject
FormKey: 0015FA:VenpiCaveOverhaul.esm
Base: 161618:Starfield.esm
Layer: 246A96:Starfield.esm
Position: 35.19136, 51.829872, 12.7734375
Rotation: 0, -0, 4.012389
