MutagenObjectType: PlacedObject
FormKey: 001567:VenpiCaveOverhaul.esm
Base: 25405C:Starfield.esm
Scale: 0.65999997
Position: 31.805088, 33.897686, 17.099775
Rotation: -1.5714825, -0.7792034, 3.142075
