MutagenObjectType: PlacedObject
FormKey: 0015C6:VenpiCaveOverhaul.esm
Base: 29AE51:Starfield.esm
Scale: 0.62
Position: 39.65392, 41.1703, 13.122673
Rotation: 1.5707964, 0, 1.5707965
