MutagenObjectType: PlacedObject
FormKey: 0015CB:VenpiCaveOverhaul.esm
Base: 29AE51:Starfield.esm
Scale: 0.62
Position: 39.26458, 40.965263, 12.979712
Rotation: 1.5707964, -1.192093E-07, -0
