MutagenObjectType: PlacedObject
FormKey: 0015FB:VenpiCaveOverhaul.esm
Base: 309DA1:Starfield.esm
Position: 34.85152, 31.19127, 13.050326
Rotation: 0, -0, 5.212389
