MutagenObjectType: PlacedObject
FormKey: 0015A2:VenpiCaveOverhaul.esm
Base: 17C6DD:Starfield.esm
ProjectedDecal:
  WidthScale: 1
  HeightScale: 1
  UnknownFloat: 0.27499992
  UnknownInt: 2880154369
ConstrainedDecal: 1.1999998, 0.46000043, 0.5
Position: 35.66248, 37.01285, 12.983971
Rotation: -3.1415927, -0, 1.5707964
