MutagenObjectType: PlacedObject
FormKey: 00159B:VenpiCaveOverhaul.esm
Base: 088C81:Starfield.esm
Scale: 0.64
Position: 34.46291, 44.34601, 13.00459
