MutagenObjectType: PlacedObject
FormKey: 0015E3:VenpiCaveOverhaul.esm
Base: 1F560E:Starfield.esm
ProjectedDecal:
  WidthScale: 1
  HeightScale: 1
  UnknownFloat: 0.22499996
  UnknownInt: 2880154369
ConstrainedDecal: 1.4900006, 0.56800044, 0.5
Position: 32.6176, 40.250004, 18.310148
Rotation: -1.5707957, 1.3960708, 3.1415935
