MutagenObjectType: PlacedObject
FormKey: 0015DD:VenpiCaveOverhaul.esm
Base: 20D55A:Starfield.esm
Position: 32.637287, 39.583527, 16.99993
Rotation: 0, -0, 4.6500006
