MutagenObjectType: PlacedObject
FormKey: 0015F4:VenpiCaveOverhaul.esm
Base: 1CC4A9:Starfield.esm
Position: 36.29893, 35.803547, 13.906189
Rotation: -0.00013486556, 0.0007346952, 1.7800603
