MutagenObjectType: PlacedObject
FormKey: 00158A:VenpiCaveOverhaul.esm
Base: 099C74:Starfield.esm
ProjectedDecal:
  WidthScale: 1
  HeightScale: 1
  UnknownFloat: 0.2
  UnknownInt: 2880154369
ConstrainedDecal: 2.7000005, 1.0600002, 0.5
Position: 40.72778, 51.199924, 14.836148
Rotation: -1.5707964, 0.020000303, 4.712389
