MutagenObjectType: PlacedObject
FormKey: 00156D:VenpiCaveOverhaul.esm
Base: 25405B:Starfield.esm
Scale: 0.44
Position: 32.28673, 49.396637, 17.161715
Rotation: 1.5715699, 0.8876111, 0.00060008833
