MutagenObjectType: PlacedObject
FormKey: 001531:VenpiCaveOverhaul.esm
Base: 00B42D:Starfield.esm
Position: 14.631983, 67.47835, 10.640742
Rotation: 1.0201677, 0.7532011, 2.7351468
