MutagenObjectType: PlacedObject
FormKey: 0015BA:VenpiCaveOverhaul.esm
Base: 25405B:Starfield.esm
Scale: 0.44
Position: 33.86407, 52.76766, 13.537065
Rotation: 0.1683797, 0.73122656, 0.113028064
