MutagenObjectType: PlacedObject
FormKey: 00150D:VenpiCaveOverhaul.esm
Base: 029AEB:Starfield.esm
SourcePackIn: 19FAFE:Starfield.esm
Scale: 1.1
Position: 26.013117, 75.46503, 12.146804
Rotation: 1.267084, 0.987442, 3.1363578
