MutagenObjectType: PlacedObject
FormKey: 00155A:VenpiCaveOverhaul.esm
Base: 1C090B:Starfield.esm
Position: 93.827515, 97.577415, 10.3563
Rotation: 0, 0, 0.22348033
