MutagenObjectType: PlacedObject
FormKey: 00155E:VenpiCaveOverhaul.esm
Base: 23CF65:Starfield.esm
Position: 91.66335, 82.615456, 10.578033
Rotation: 0, 0, 5.23538
