MutagenObjectType: PlacedObject
FormKey: 001595:VenpiCaveOverhaul.esm
Base: 25405C:Starfield.esm
Scale: 0.64
Position: 26.276482, 32.496605, 17.200714
Rotation: -2.5932598, 1.0004749, 2.3851094
