MutagenObjectType: PlacedObject
FormKey: 001586:VenpiCaveOverhaul.esm
Base: 1F5654:Starfield.esm
ProjectedDecal:
  WidthScale: 1
  HeightScale: 1
  UnknownFloat: 0.5000005
  UnknownInt: 2880154369
ConstrainedDecal: 1.2099975, 1.9099979, 1.1203194
Position: 43.573387, 49.30899, 15.946234
Rotation: 1.5707965, 0.3995001, 3.141593
