MutagenObjectType: PlacedObject
FormKey: 001593:VenpiCaveOverhaul.esm
Base: 088C81:Starfield.esm
Scale: 0.48
Position: 32.12773, 33.099056, 16.991909
Rotation: 0, -0, 5.412389
