MutagenObjectType: PlacedObject
FormKey: 0015B0:VenpiCaveOverhaul.esm
Base: 2A09CC:Starfield.esm
Position: 37.130707, 36.289436, 12.999756
Rotation: 0, -0, 3.3831856
