MutagenObjectType: PlacedObject
FormKey: 00157C:VenpiCaveOverhaul.esm
Base: 1F5654:Starfield.esm
ProjectedDecal:
  WidthScale: 1
  HeightScale: 1
  UnknownFloat: 0.12500039
  UnknownInt: 2880154369
ConstrainedDecal: 3.4300005, 4.01, 0.75
Position: 37.920513, 49.02482, 17.00727
Rotation: -3.1415927, -2.385631E-07, 3.1000004
