MutagenObjectType: PlacedObject
FormKey: 001513:VenpiCaveOverhaul.esm
Base: 25405C:Starfield.esm
SourcePackIn: 19FAFE:Starfield.esm
Position: 27.188381, 66.427, 10.864712
Rotation: 1.3901625, -1.0801659, 5.7147183
