MutagenObjectType: PlacedObject
FormKey: 00152C:VenpiCaveOverhaul.esm
Base: 01C3BB:Starfield.esm
Position: 38.258545, 18.303274, 12.203351
Rotation: 1.5545349, -0.46669164, 2.911889
