MutagenObjectType: PlacedObject
FormKey: 0015DC:VenpiCaveOverhaul.esm
Base: 1ECFCB:Starfield.esm
Layer: 246A96:Starfield.esm
Scale: 0.62
Position: 32.505657, 38.930267, 17.000301
Rotation: 3.1415927, 1.5707964, 3.1415927
