MutagenObjectType: PlacedObject
FormKey: 00152B:VenpiCaveOverhaul.esm
Base: 00B430:Starfield.esm
Position: 40.808174, 34.27193, 16.11072
Rotation: -1.4963403, -1.3743178, 5.9731364
