MutagenObjectType: PlacedObject
FormKey: 0015C9:VenpiCaveOverhaul.esm
Base: 29AE51:Starfield.esm
Scale: 0.62
Position: 31.693354, 40.844738, 16.651611
Rotation: -1.5707964, -0, 4.7123895
