MutagenObjectType: PlacedObject
FormKey: 001571:VenpiCaveOverhaul.esm
Base: 25405B:Starfield.esm
Scale: 0.44
Position: 33.248833, 54.67739, 13.90865
Rotation: -1.9073901, 1.2117863, 2.988437
