MutagenObjectType: PlacedObject
FormKey: 00158E:VenpiCaveOverhaul.esm
Base: 088C81:Starfield.esm
Scale: 0.48
Position: 32.343857, 48.66624, 17.059622
Rotation: -0, -0, 4.712389
