MutagenObjectType: PlacedObject
FormKey: 00159A:VenpiCaveOverhaul.esm
Base: 1FEDFD:Starfield.esm
Layer: 2639D6:Starfield.esm
Position: 37.169796, 40.380886, 12.997075
Rotation: 0, -0, 0.029403573
