MutagenObjectType: PlacedObject
FormKey: 001570:VenpiCaveOverhaul.esm
Base: 25405B:Starfield.esm
Scale: 0.44
Position: 33.839245, 51.59279, 13.3834
Rotation: 1.6929117, 0.30904865, 0.20073664
