MutagenObjectType: PlacedObject
FormKey: 001560:VenpiCaveOverhaul.esm
Base: 23CF65:Starfield.esm
Position: 66.41176, 91.2328, 13.974976
Rotation: 0, 0, 5.90476
