MutagenObjectType: PlacedObject
FormKey: 001590:VenpiCaveOverhaul.esm
Base: 088C81:Starfield.esm
Scale: 0.48
Position: 32.23496, 43.88278, 16.99993
Rotation: 0, -0, 4.062389
