MutagenObjectType: PlacedObject
FormKey: 0015C4:VenpiCaveOverhaul.esm
Base: 29AE51:Starfield.esm
Scale: 0.62
Position: 39.649406, 40.844738, 13.122673
Rotation: -1.5707964, -0, 4.7123895
