MutagenObjectType: PlacedObject
FormKey: 001569:VenpiCaveOverhaul.esm
Base: 029AEF:Starfield.esm
Scale: 0.51
Position: 32.756924, 35.87078, 17.179724
Rotation: -1.57222, 1.2207956, 3.1402557
