MutagenObjectType: PlacedObject
FormKey: 00151A:VenpiCaveOverhaul.esm
Base: 029AEB:Starfield.esm
SourcePackIn: 19FAD5:Starfield.esm
Scale: 1.1899999
Position: 18.38966, 79.29824, 10.711145
Rotation: -0.20222403, 0.238703, 0.19364858
