MutagenObjectType: PlacedObject
FormKey: 001553:VenpiCaveOverhaul.esm
Base: 1C090B:Starfield.esm
Position: 91.906906, 31.73817, 10.666908
Rotation: 0, 0, 2.0399427
