MutagenObjectType: PlacedObject
FormKey: 001536:VenpiCaveOverhaul.esm
Base: 029AEB:Starfield.esm
SourcePackIn: 19FA9B:Starfield.esm
Scale: 1.01
Position: 36.52246, 57.27399, 11.46166
Rotation: -2.7378752, 1.0058234, 1.6500337
