MutagenObjectType: PlacedObject
FormKey: 0015A6:VenpiCaveOverhaul.esm
Base: 1691A5:Starfield.esm
Scale: 0.88
Position: 33.764465, 48.69087, 12.953789
Rotation: 0, -0, 2.2
