MutagenObjectType: PlacedObject
FormKey: 001524:VenpiCaveOverhaul.esm
Base: 25405C:Starfield.esm
SourcePackIn: 19FAD5:Starfield.esm
Scale: 1.3299999
Position: 27.0531, 83.39316, 11.460348
Rotation: 3.120599, 0.44112626, 1.4108627
