MutagenObjectType: PlacedObject
FormKey: 00158F:VenpiCaveOverhaul.esm
Base: 088C81:Starfield.esm
Scale: 0.48
Position: 40.0543, 45.232315, 17.059622
Rotation: 0, -0, 5.212389
