MutagenObjectType: PlacedObject
FormKey: 0015EF:VenpiCaveOverhaul.esm
Base: 234E46:Starfield.esm
Scale: 2.76
Position: 38.459053, 40.86084, 16.088156
Rotation: 0, -0, 4.712389
