MutagenObjectType: PlacedObject
FormKey: 001561:VenpiCaveOverhaul.esm
Base: 23CF65:Starfield.esm
Position: 75.64816, 43.9256, 11.543625
Rotation: 0, 0, 0.24233264
