MutagenObjectType: PlacedObject
FormKey: 0015C7:VenpiCaveOverhaul.esm
Base: 29AE51:Starfield.esm
Scale: 0.62
Position: 39.296577, 41.0665, 15.348805
Rotation: 1.5707964, -1.192093E-07, -0
