MutagenObjectType: PlacedObject
FormKey: 0015F2:VenpiCaveOverhaul.esm
Base: 06CA19:Starfield.esm
Scale: 0.90999997
Position: 36.486973, 41.055107, 16.792542
Rotation: 1.5707964, -0, 4.712389
