MutagenObjectType: PlacedObject
FormKey: 00152A:VenpiCaveOverhaul.esm
Base: 01C3BE:Starfield.esm
Position: 22.625843, 29.485758, 16.46161
Rotation: 1.556026, -0.18354006, 2.907268
