MutagenObjectType: PlacedObject
FormKey: 001554:VenpiCaveOverhaul.esm
Base: 23CF65:Starfield.esm
Position: 64.24118, 1.8543053, 8.975754
Rotation: 0, 0, 5.123862
