MutagenObjectType: PlacedObject
FormKey: 0015A1:VenpiCaveOverhaul.esm
Base: 17C6DD:Starfield.esm
ProjectedDecal:
  WidthScale: 1
  HeightScale: 1
  UnknownFloat: 0.45000002
  UnknownInt: 2880154369
ConstrainedDecal: 0.85999995, 0.5700002, 0.5
Position: 37.029358, 40.99222, 13.035783
Rotation: 3.1415927, -0, 3.1207964
