MutagenObjectType: PlacedObject
FormKey: 001516:VenpiCaveOverhaul.esm
Base: 25405C:Starfield.esm
SourcePackIn: 19FAD5:Starfield.esm
Position: 26.796862, 66.57056, 10.49588
Rotation: 1.2198117, -0.75308144, 0.24534734
