MutagenObjectType: PlacedObject
FormKey: 001515:VenpiCaveOverhaul.esm
Base: 029AEF:Starfield.esm
SourcePackIn: 19FAD5:Starfield.esm
Scale: 0.96999997
Position: 36.683723, 75.14996, 9.820245
Rotation: 0.28344363, -0.23658851, 1.812774
