MutagenObjectType: PlacedObject
FormKey: 00152E:VenpiCaveOverhaul.esm
Base: 029AE3:Starfield.esm
SourcePackIn: 19FA9B:Starfield.esm
Scale: 0.83
Position: 31.986858, 93.56976, 12.379813
Rotation: -1.6774753, -1.1451513, 4.00907
