MutagenObjectType: PlacedObject
FormKey: 001528:VenpiCaveOverhaul.esm
Base: 01C3BE:Starfield.esm
Position: 25.058178, 38.490242, 16.367977
Rotation: 1.4761139, 5.1864047, 3.208081
