MutagenObjectType: PlacedObject
FormKey: 001558:VenpiCaveOverhaul.esm
Base: 23CF65:Starfield.esm
Position: 67.4143, 69.77169, 11.851219
Rotation: 0, 0, 5.646916
