MutagenObjectType: PlacedObject
FormKey: 00150C:VenpiCaveOverhaul.esm
Base: 25405C:Starfield.esm
SourcePackIn: 19FAFE:Starfield.esm
Scale: 1.3299999
Position: 27.783312, 81.42855, 11.6134405
Rotation: 0, -0, 1.2770948
