MutagenObjectType: PlacedObject
FormKey: 001591:VenpiCaveOverhaul.esm
Base: 088C81:Starfield.esm
Scale: 0.48
Position: 32.44148, 36.287773, 16.99993
Rotation: -0, -0, 4.712389
