MutagenObjectType: PlacedObject
FormKey: 0015D1:VenpiCaveOverhaul.esm
Base: 234E46:Starfield.esm
Scale: 1.65
Position: 35.982655, 50.550938, 15.51074
Rotation: 0, 0, 4.74548
