MutagenObjectType: PlacedObject
FormKey: 00154F:VenpiCaveOverhaul.esm
Base: 23CF65:Starfield.esm
Position: 75.27984, 46.07975, 11.830505
Rotation: 0, 0, 4.6358943
