MutagenObjectType: PlacedObject
FormKey: 0015AE:VenpiCaveOverhaul.esm
Base: 035812:Starfield.esm
SourcePackIn: 06A489:Starfield.esm
Scale: 0.75
Position: 33.30092, 43.936897, 12.999756
Rotation: 0, -0, 4.712389
