MutagenObjectType: PlacedObject
FormKey: 0015B9:VenpiCaveOverhaul.esm
Base: 25405C:Starfield.esm
Scale: 0.44
Position: 43.29536, 52.10288, 14.010557
Rotation: 0.16837971, 0.33225784, 0.05538665
