MutagenObjectType: PlacedObject
FormKey: 001598:VenpiCaveOverhaul.esm
Base: 088C81:Starfield.esm
Scale: 0.65999997
Position: 36.49269, 52.847145, 12.7734375
