MutagenObjectType: PlacedObject
FormKey: 0015C3:VenpiCaveOverhaul.esm
Base: 29AE51:Starfield.esm
Scale: 0.62
Position: 37.170692, 40.844738, 13.122673
Rotation: -1.5707964, -0, 4.7123895
