MutagenObjectType: PlacedObject
FormKey: 00157F:VenpiCaveOverhaul.esm
Base: 1F5654:Starfield.esm
ProjectedDecal:
  WidthScale: 1
  HeightScale: 1
  UnknownFloat: 0.7000003
  UnknownInt: 2880154369
ConstrainedDecal: 3.4300005, 4.01, 0.75
Position: 37.708008, 41.324738, 17.04564
Rotation: 3.1415927, -0, 2.5707965
