MutagenObjectType: PlacedObject
FormKey: 001522:VenpiCaveOverhaul.esm
Base: 029AE7:Starfield.esm
SourcePackIn: 19FAD5:Starfield.esm
Scale: 0.85999995
Position: 37.372868, 78.6462, 9.294333
Rotation: -2.4783285, -0.14087392, 1.9533738
