MutagenObjectType: PlacedObject
FormKey: 001564:VenpiCaveOverhaul.esm
Base: 1C090B:Starfield.esm
Position: 93.71214, 21.174534, 10.828011
Rotation: 0, 0, 5.8288436
