MutagenObjectType: PlacedObject
FormKey: 001550:VenpiCaveOverhaul.esm
Base: 23CF65:Starfield.esm
Position: 83.64199, 54.13566, 12.824249
Rotation: 0, 0, 3.0756552
