MutagenObjectType: PlacedObject
FormKey: 001557:VenpiCaveOverhaul.esm
Base: 23CF65:Starfield.esm
Position: 1.1711836, 87.93867, 9.318157
Rotation: 0, 0, 3.5367782
