MutagenObjectType: PlacedObject
FormKey: 001577:VenpiCaveOverhaul.esm
Base: 2A9773:Starfield.esm
Layer: 246A96:Starfield.esm
Position: 43.426052, 50.700592, 13.281095
Rotation: 0, -0, 4.7323895
