MutagenObjectType: PlacedObject
FormKey: 001573:VenpiCaveOverhaul.esm
Base: 1E867E:Starfield.esm
ProjectedDecal:
  WidthScale: 1
  HeightScale: 1
  UnknownFloat: 0.19999996
  UnknownInt: 2880154369
ConstrainedDecal: 2.1910005, 3.1999993, 0.1
Position: 38.802647, 55.685604, 11.845364
Rotation: -2.618002, -0, 1.5707964
