MutagenObjectType: PlacedObject
FormKey: 0015DF:VenpiCaveOverhaul.esm
Base: 29AE8D:Starfield.esm
Scale: 0.61
Position: 32.36252, 40.62148, 17.43294
Rotation: 3.1415927, -1.5707964, 4.7683713E-07
