MutagenObjectType: PlacedObject
FormKey: 0015BD:VenpiCaveOverhaul.esm
Base: 2B18C3:Starfield.esm
Position: 36.946804, 44.155273, 13.00657
Rotation: 0, 0, 5.6831856
