MutagenObjectType: PlacedObject
FormKey: 001517:VenpiCaveOverhaul.esm
Base: 029AEB:Starfield.esm
SourcePackIn: 19FAD5:Starfield.esm
Scale: 1.1
Position: 33.126736, 85.05246, 11.055332
Rotation: 1.2458607, -0.62247723, 5.7729034
