MutagenObjectType: PlacedObject
FormKey: 001594:VenpiCaveOverhaul.esm
Base: 25405B:Starfield.esm
Position: 27.914837, 31.492603, 17.194817
Rotation: 1.5717993, -1.062389, 6.282309
