MutagenObjectType: PlacedObject
FormKey: 00162C:VenpiCaveOverhaul.esm
Base: 19A6A5:Starfield.esm
Position: 36.854317, 50.17399, 13.050368
Rotation: -1.5734005, -0.33455306, 1.5519284
