MutagenObjectType: PlacedObject
FormKey: 00160E:VenpiCaveOverhaul.esm
Base: 2A82C2:Starfield.esm
Scale: 0.65
Position: 37.254826, 33.680233, 16.770176
