MutagenObjectType: PlacedObject
FormKey: 001610:VenpiCaveOverhaul.esm
Base: 29AE8E:Starfield.esm
Position: 30.10715, 30.528807, 16.805443
Rotation: -1.5707964, 0, 0
