MutagenObjectType: PlacedObject
FormKey: 001601:VenpiCaveOverhaul.esm
Base: 0FA97A:Starfield.esm
Position: 29.996, 30.676144, 13.793167
Rotation: 0, -0, 0.55000013
