MutagenObjectType: PlacedObject
FormKey: 00162F:VenpiCaveOverhaul.esm
Base: 125A84:Starfield.esm
Scale: 0.95
Position: 33.282124, 43.26063, 14.799658
Rotation: 0, -0, 1.5435001
