MutagenObjectType: PlacedObject
FormKey: 001626:VenpiCaveOverhaul.esm
Base: 00AB5C:Starfield.esm
Position: 36.01137, 40.55859, 12.999756
Rotation: 0, -0, 6.1831856
