MutagenObjectType: PlacedObject
FormKey: 00161C:VenpiCaveOverhaul.esm
Base: 1F564B:Starfield.esm
ProjectedDecal:
  WidthScale: 1
  HeightScale: 1
  UnknownFloat: 0.7750002
  UnknownInt: 2880154369
ConstrainedDecal: 4, 2, 0.75
Position: 34.641827, 40.58248, 16.747255
Rotation: -0, 0, 1.5707964
