MutagenObjectType: PlacedObject
FormKey: 001612:VenpiCaveOverhaul.esm
Base: 2A82C2:Starfield.esm
Scale: 0.65
Position: 30.095327, 30.529512, 16.259668
