MutagenObjectType: PlacedObject
FormKey: 001602:VenpiCaveOverhaul.esm
Base: 0FA97A:Starfield.esm
Position: 32.625828, 31.574131, 13.7997675
Rotation: 0, -0, 2.312389
