MutagenObjectType: PlacedObject
FormKey: 001616:VenpiCaveOverhaul.esm
Base: 1F5606:Starfield.esm
ProjectedDecal:
  WidthScale: 1
  HeightScale: 1
  UnknownFloat: 0.75000024
  UnknownInt: 2880154369
ConstrainedDecal: 2.8199995, 3.3800008, 0.75
Position: 30.240108, 30.561966, 12.736717
Rotation: 3.1415927, -0, 5.1331854
