MutagenObjectType: PlacedObject
FormKey: 00161E:VenpiCaveOverhaul.esm
Base: 01558D:Starfield.esm
Position: 33.51873, 38.837635, 16.618998
Rotation: 1.5707964, -0, 0
