MutagenObjectType: PlacedObject
FormKey: 00160F:VenpiCaveOverhaul.esm
Base: 2A82C2:Starfield.esm
Scale: 0.65
Position: 30.095327, 30.529512, 16.74201
