MutagenObjectType: PlacedObject
FormKey: 00161F:VenpiCaveOverhaul.esm
Base: 01558D:Starfield.esm
Scale: 0.88
Position: 37.401608, 50.413013, 16.610268
Rotation: 1.5707964, -0, 0
