MutagenObjectType: PlacedObject
FormKey: 00162D:VenpiCaveOverhaul.esm
Base: 00000A:Starfield.esm
Position: 36.901077, 49.978493, 13.121224
