MutagenObjectType: PlacedObject
FormKey: 001600:VenpiCaveOverhaul.esm
Base: 17FED2:Starfield.esm
Position: 30.27096, 30.162367, 13.791086
Rotation: 0, 0, 6.103982
