MutagenObjectType: PlacedObject
FormKey: 000DFB:VenpiCaveOverhaul.esm
Base: 251818:Starfield.esm
Scale: 0.65999997
Position: -39.13577, 54.94591, -8.916842
