MutagenObjectType: PlacedObject
FormKey: 000DEA:VenpiCaveOverhaul.esm
Base: 012381:Starfield.esm
Scale: 1.0699999
Position: 2.2364783, 50.591194, -3.5670948
Rotation: 0.25443012, 0.36640263, 4.958629
