MutagenObjectType: PlacedObject
FormKey: 000DF8:VenpiCaveOverhaul.esm
Base: 251818:Starfield.esm
Scale: 0.5
Position: -26.918259, 57.91722, -8.6158285
