MutagenObjectType: PlacedObject
FormKey: 000DFF:VenpiCaveOverhaul.esm
Base: 0C70B2:Starfield.esm
Position: -16.292545, 64.545494, -3.731846
Rotation: -0.5300907, 1.2455764, 5.776264
