MutagenObjectType: PlacedObject
FormKey: 000DDF:VenpiCaveOverhaul.esm
Base: 012383:Starfield.esm
Scale: 0.9
Position: -20.951141, 94.897896, -7.93875
Rotation: 0.3573132, 0.43377173, 0.69550824
