MutagenObjectType: PlacedObject
FormKey: 000DDE:VenpiCaveOverhaul.esm
Base: 012383:Starfield.esm
Scale: 1.04
Position: -26.986946, 90.10979, -8.868007
Rotation: 0.07060465, 0.13496645, 1.3309605
