MutagenObjectType: PlacedObject
FormKey: 000DF6:VenpiCaveOverhaul.esm
Base: 251818:Starfield.esm
Scale: 0.5
Position: -32.225567, 56.927765, -8.547151
