MutagenObjectType: PlacedObject
FormKey: 000DEE:VenpiCaveOverhaul.esm
Base: 012383:Starfield.esm
Scale: 0.94
Position: -0.6637305, 51.98838, -4.3770275
Rotation: -0.07211209, 0.19753987, 5.8413644
