MutagenObjectType: PlacedObject
FormKey: 000DE6:VenpiCaveOverhaul.esm
Base: 012381:Starfield.esm
Scale: 1.12
Position: -25.191536, 61.752934, -8.695988
Rotation: -0.018068727, 0.060934663, 2.2695193
