MutagenObjectType: PlacedObject
FormKey: 000DE3:VenpiCaveOverhaul.esm
Base: 012381:Starfield.esm
Scale: 1.25
Position: -18.667343, 78.20712, -8.708395
Rotation: -0.14017467, 0.121443756, 5.626918
