MutagenObjectType: PlacedObject
FormKey: 000DE8:VenpiCaveOverhaul.esm
Base: 012381:Starfield.esm
Scale: 1.06
Position: -18.476112, 57.820194, -8.56196
Rotation: -0.12835012, 0.17597932, 3.2250974
