MutagenObjectType: PlacedObject
FormKey: 000DFD:VenpiCaveOverhaul.esm
Base: 2DDDF0:Starfield.esm
Position: -12.342475, 60.99411, -2.1105585
Rotation: -1.3946947, -0.29098132, 3.0905895
