MutagenObjectType: PlacedObject
FormKey: 000DEB:VenpiCaveOverhaul.esm
Base: 012383:Starfield.esm
Scale: 1.17
Position: 3.621602, 51.64069, -3.382191
Rotation: 0.02793944, 0.2745408, 1.0123682
