MutagenObjectType: PlacedObject
FormKey: 000E49:VenpiCaveOverhaul.esm
Base: 097804:Starfield.esm
Position: -17.657581, 64.75614, -7.953769
