MutagenObjectType: PlacedObject
FormKey: 000EE2:VenpiCaveOverhaul.esm
Base: 029B39:Starfield.esm
SourcePackIn: 20B234:Starfield.esm
Layer: 2355E0:Starfield.esm
Scale: 1.0699999
Position: 8.421205, 48.296047, -3.5725274
Rotation: 0.016394947, 0.38653642, 2.3178208
