MutagenObjectType: PlacedObject
FormKey: 000E67:VenpiCaveOverhaul.esm
Base: 097804:Starfield.esm
Position: -37.06196, 91.58917, -8.977082
