MutagenObjectType: PlacedObject
FormKey: 000EA8:VenpiCaveOverhaul.esm
Base: 06F770:Starfield.esm
Layer: 2355E0:Starfield.esm
Position: -16.800816, 49.12548, -3.926513
Rotation: 0, 0.5235988, 3.1415927
