MutagenObjectType: PlacedObject
FormKey: 000E30:VenpiCaveOverhaul.esm
Base: 06F734:Starfield.esm
Layer: 2355E0:Starfield.esm
Scale: 0.63
Position: -24.59691, 69.825615, 2.1131856
Rotation: -2.0300035, 1.1582241, 2.7077281
