MutagenObjectType: PlacedObject
FormKey: 000E6D:VenpiCaveOverhaul.esm
Base: 097804:Starfield.esm
Position: -35.453037, 76.499825, -8.840271
