MutagenObjectType: PlacedObject
FormKey: 000E07:VenpiCaveOverhaul.esm
Base: 0C70B2:Starfield.esm
Position: -19.5783, 101.68042, -3.038349
Rotation: -1.1936562, -0.004166532, 1.2999094
