MutagenObjectType: PlacedObject
FormKey: 000E63:VenpiCaveOverhaul.esm
Base: 222F82:Starfield.esm
Position: -34.969757, 86.01629, -8.529263
Rotation: 0.16951324, 0.5922274, 0.09524743
