MutagenObjectType: PlacedObject
FormKey: 000EEE:VenpiCaveOverhaul.esm
Base: 029B37:Starfield.esm
SourcePackIn: 20B234:Starfield.esm
Layer: 2355E0:Starfield.esm
Position: 14.993288, 48.365067, -0.2296071
Rotation: 2.596524, 1.0708196, 4.7898827
