MutagenObjectType: PlacedObject
FormKey: 000EC1:VenpiCaveOverhaul.esm
Base: 161B66:Starfield.esm
Position: -30.763296, 68.77694, -9.1132
Rotation: 0, -0, 0.050000057
