MutagenObjectType: PlacedObject
FormKey: 000E58:VenpiCaveOverhaul.esm
Base: 097804:Starfield.esm
Position: -29.512398, 65.921104, -8.977082
