MutagenObjectType: PlacedObject
FormKey: 000E0C:VenpiCaveOverhaul.esm
Base: 0C70B2:Starfield.esm
Position: -35.25864, 54.7008, -6.6615033
Rotation: 2.086849, 0.6946418, 1.9683617
