MutagenObjectType: PlacedObject
FormKey: 000E76:VenpiCaveOverhaul.esm
Base: 097804:Starfield.esm
Position: -17.179632, 61.92931, -4.593689
