MutagenObjectType: PlacedObject
FormKey: 000EE0:VenpiCaveOverhaul.esm
Base: 029B3B:Starfield.esm
SourcePackIn: 20B234:Starfield.esm
Layer: 2355E0:Starfield.esm
Scale: 1.0699999
Position: 6.395494, 61.46538, -1.9257321
Rotation: -0.8466749, 0.8500144, 3.6852162
