MutagenObjectType: PlacedObject
FormKey: 000E8D:VenpiCaveOverhaul.esm
Base: 06F3A6:Starfield.esm
Layer: 2355E0:Starfield.esm
Scale: 1.0699999
Position: -37.323215, 67.770164, -9.18988
Rotation: 0.01976343, 0.05845249, 1.7471552
