MutagenObjectType: PlacedObject
FormKey: 000E9E:VenpiCaveOverhaul.esm
Base: 06F76E:Starfield.esm
Layer: 2355E0:Starfield.esm
Position: -11.350008, 83.08269, -2.1172707
Rotation: 0, -0, 3.7129788
