MutagenObjectType: PlacedObject
FormKey: 000E9D:VenpiCaveOverhaul.esm
Base: 01236F:Starfield.esm
Layer: 2355E0:Starfield.esm
Scale: 1.28
Position: -24.110842, 86.43091, -8.892122
Rotation: 0.006047427, 0.029362034, 4.8106356
