MutagenObjectType: PlacedObject
FormKey: 000E42:VenpiCaveOverhaul.esm
Base: 097804:Starfield.esm
Position: -30.113113, 94.90929, -8.96167
