MutagenObjectType: PlacedObject
FormKey: 000E87:VenpiCaveOverhaul.esm
Base: 2C1968:Starfield.esm
Layer: 2355E0:Starfield.esm
Position: -18.733072, 55.891747, 1.7047424
Rotation: -1.7207965, 0.49999997, 6.021386
