MutagenObjectType: PlacedObject
FormKey: 000E81:VenpiCaveOverhaul.esm
Base: 01236B:Starfield.esm
Layer: 2355E0:Starfield.esm
Scale: 1.31
Position: -40.15782, 74.86927, -9.045468
Rotation: 0, -0, 1.2455744
