MutagenObjectType: PlacedObject
FormKey: 000E88:VenpiCaveOverhaul.esm
Base: 06F39E:Starfield.esm
Layer: 2355E0:Starfield.esm
Position: -31.38309, 59.022625, -8.8866825
Rotation: 0.24419436, 0.24145854, 4.7372246
