MutagenObjectType: PlacedObject
FormKey: 000EA3:VenpiCaveOverhaul.esm
Base: 06F76F:Starfield.esm
Layer: 2355E0:Starfield.esm
Position: -14.160638, 67.62977, -3.5150657
Rotation: 0, -0, 4.7865763
