MutagenObjectType: PlacedObject
FormKey: 000E73:VenpiCaveOverhaul.esm
Base: 097804:Starfield.esm
Position: -26.426893, 70.79079, -4.4730787
