MutagenObjectType: PlacedObject
FormKey: 000E80:VenpiCaveOverhaul.esm
Base: 01236F:Starfield.esm
Layer: 2355E0:Starfield.esm
Scale: 1.31
Position: -21.538956, 77.05229, -9.017697
Rotation: 0, -0, 2.262389
