MutagenObjectType: PlacedObject
FormKey: 000E44:VenpiCaveOverhaul.esm
Base: 097804:Starfield.esm
Position: -29.024284, 84.44587, -8.28714
