MutagenObjectType: PlacedObject
FormKey: 000E94:VenpiCaveOverhaul.esm
Base: 2D0116:Starfield.esm
Layer: 2355E0:Starfield.esm
Scale: 1.3299999
Position: -41.32677, 93.38317, -9.1179285
Rotation: 0, 0, 1.5707964
