MutagenObjectType: PlacedObject
FormKey: 000EF7:VenpiCaveOverhaul.esm
Base: 224975:Starfield.esm
Layer: 2355E0:Starfield.esm
Scale: 1.25
Position: -27.814167, 61.494133, -8.946005
Rotation: 0.052494608, 0.04737402, 1.664883
