MutagenObjectType: PlacedObject
FormKey: 000EB3:VenpiCaveOverhaul.esm
Base: 2C5606:Starfield.esm
Layer: 1681B4:Starfield.esm
Position: 22.325996, 58.187504, 1.7456496
Rotation: 0, 0, 1.8325957
