MutagenObjectType: PlacedObject
FormKey: 000E99:VenpiCaveOverhaul.esm
Base: 06F76B:Starfield.esm
Layer: 2355E0:Starfield.esm
Position: -47.53436, 73.037506, -7.2171073
Rotation: 0, -0, 5.198375
