MutagenObjectType: PlacedObject
FormKey: 000E70:VenpiCaveOverhaul.esm
Base: 097804:Starfield.esm
Position: -32.014114, 84.487755, -7.2008696
