MutagenObjectType: PlacedObject
FormKey: 000EA4:VenpiCaveOverhaul.esm
Base: 06F769:Starfield.esm
Layer: 2355E0:Starfield.esm
Position: -13.675465, 61.561264, -10.544969
Rotation: 0, -0, 0.08598645
