MutagenObjectType: PlacedObject
FormKey: 000E71:VenpiCaveOverhaul.esm
Base: 097804:Starfield.esm
Position: -25.220516, 68.92701, -4.6353106
