MutagenObjectType: PlacedObject
FormKey: 000E56:VenpiCaveOverhaul.esm
Base: 097804:Starfield.esm
Position: 5.0253716, 53.75388, -2.8963664
Rotation: -0.17338276, 0.26072568, 6.238071
