MutagenObjectType: PlacedObject
FormKey: 000EEC:VenpiCaveOverhaul.esm
Base: 02EC63:Starfield.esm
SourcePackIn: 20B234:Starfield.esm
Layer: 2355E0:Starfield.esm
Scale: 1.0699999
Position: 10.1366415, 47.276653, -2.3229012
Rotation: -0.13776027, 0.21509008, 2.1556342
