MutagenObjectType: PlacedObject
FormKey: 000E62:VenpiCaveOverhaul.esm
Base: 097804:Starfield.esm
Position: -37.55049, 70.263374, -8.786845
