MutagenObjectType: PlacedObject
FormKey: 000EBB:VenpiCaveOverhaul.esm
Base: 1CEDC3:Starfield.esm
Position: 16.98039, 56.169247, 1.3469992
Rotation: 0, -0, 4.5731854
