MutagenObjectType: PlacedObject
FormKey: 000E5A:VenpiCaveOverhaul.esm
Base: 097804:Starfield.esm
Position: -43.459427, 63.851097, -8.977082
