MutagenObjectType: PlacedObject
FormKey: 000EA7:VenpiCaveOverhaul.esm
Base: 06F76B:Starfield.esm
Layer: 2355E0:Starfield.esm
Position: -7.733305, 49.81213, 1.5321542
Rotation: 0, 0.5235988, 3.1415927
