MutagenObjectType: PlacedObject
FormKey: 000EFE:VenpiCaveOverhaul.esm
Base: 06F3A6:Starfield.esm
Layer: 2355E0:Starfield.esm
Position: -6.3584747, 50.73941, -5.938075
Rotation: -0.06398979, 0.28088513, 6.2654247
