MutagenObjectType: PlacedObject
FormKey: 000EC6:VenpiCaveOverhaul.esm
Base: 161B66:Starfield.esm
Position: -19.699514, 99.43545, -8.590517
Rotation: 0.092158146, 0.19022053, 5.671526
