MutagenObjectType: PlacedObject
FormKey: 000E68:VenpiCaveOverhaul.esm
Base: 097804:Starfield.esm
Position: -41.467495, 90.4204, -8.883509
