MutagenObjectType: PlacedObject
FormKey: 000EE6:VenpiCaveOverhaul.esm
Base: 01D598:Starfield.esm
SourcePackIn: 20B234:Starfield.esm
Layer: 2355E0:Starfield.esm
Scale: 1.3199999
Position: 5.624428, 50.7622, -4.346598
Rotation: -0.12179972, 0.37434423, 5.557381
