MutagenObjectType: PlacedObject
FormKey: 000E2E:VenpiCaveOverhaul.esm
Base: 2C4F9A:Starfield.esm
Layer: 2355E0:Starfield.esm
Scale: 0.82
Position: -14.691008, 90.7308, -0.83530474
Rotation: -1.2675222, 0.2701214, 3.020186
