MutagenObjectType: PlacedObject
FormKey: 000E06:VenpiCaveOverhaul.esm
Base: 0C70B2:Starfield.esm
Position: -23.4974, 99.65972, -2.472656
Rotation: -2.0579038, -0.29694304, 4.712389
