MutagenObjectType: PlacedObject
FormKey: 000E34:VenpiCaveOverhaul.esm
Base: 06F3A5:Starfield.esm
Layer: 2355E0:Starfield.esm
Position: -10.694573, 81.63768, -9.102175
Rotation: 0.036710832, -0.07059837, 1.2305944
