MutagenObjectType: PlacedObject
FormKey: 000ED6:VenpiCaveOverhaul.esm
Base: 22496F:Starfield.esm
Layer: 2355E0:Starfield.esm
Scale: 1.0699999
Position: -2.625612, 48.574173, -5.409909
Rotation: -0.07901954, 0.24985072, 4.4024606
