MutagenObjectType: PlacedObject
FormKey: 000E50:VenpiCaveOverhaul.esm
Base: 097804:Starfield.esm
Position: -7.3545847, 58.856327, -4.625211
