MutagenObjectType: PlacedObject
FormKey: 000E37:VenpiCaveOverhaul.esm
Base: 097804:Starfield.esm
Position: -34.267464, 58.875626, -8.977081
