MutagenObjectType: PlacedObject
FormKey: 000EE8:VenpiCaveOverhaul.esm
Base: 029B37:Starfield.esm
SourcePackIn: 20B234:Starfield.esm
Layer: 2355E0:Starfield.esm
Position: 12.005249, 62.624718, 2.6651893
Rotation: 0.59076905, 0.09660865, 4.2618847
