MutagenObjectType: PlacedObject
FormKey: 000E24:VenpiCaveOverhaul.esm
Base: 06F73F:Starfield.esm
Layer: 2355E0:Starfield.esm
Position: -16.478947, 96.73912, 6.795087
Rotation: -1.3820777, -1.2688485, 0.012003
