MutagenObjectType: PlacedObject
FormKey: 000E86:VenpiCaveOverhaul.esm
Base: 06F39E:Starfield.esm
Layer: 2355E0:Starfield.esm
Position: -26.011232, 63.5459, -8.9265175
Rotation: -0.04564019, 0.18761553, 2.288609
