MutagenObjectType: PlacedObject
FormKey: 000E0A:VenpiCaveOverhaul.esm
Base: 2DDDF0:Starfield.esm
Position: -40.554836, 54.784542, -7.826403
Rotation: 0.42786577, -0.09615193, 4.712389
