MutagenObjectType: PlacedObject
FormKey: 000E5B:VenpiCaveOverhaul.esm
Base: 097804:Starfield.esm
Position: -36.974976, 56.678146, -8.977081
Rotation: 0, -0, 1.6650001
