MutagenObjectType: PlacedObject
FormKey: 000E04:VenpiCaveOverhaul.esm
Base: 2DDDF0:Starfield.esm
Position: -17.610136, 100.59111, -2.4765422
Rotation: -1.1873165, 0.692698, 3.3937507
