MutagenObjectType: PlacedObject
FormKey: 000EB8:VenpiCaveOverhaul.esm
Base: 06F76E:Starfield.esm
Layer: 2355E0:Starfield.esm
Position: 4.512508, 49.571514, 1.3952495
Rotation: 0.8213034, 0.3680422, 0.08087166
