MutagenObjectType: PlacedObject
FormKey: 000E1E:VenpiCaveOverhaul.esm
Base: 06F3A1:Starfield.esm
Layer: 2355E0:Starfield.esm
Scale: 0.59999996
Position: -19.857193, 62.233738, -8.77122
Rotation: 0, -0, 4.383186
