MutagenObjectType: PlacedObject
FormKey: 000E03:VenpiCaveOverhaul.esm
Base: 0C70B2:Starfield.esm
Position: -33.142323, 68.348236, -2.1055365
Rotation: -1.4930156, -1.069808, 3.0733392
