MutagenObjectType: PlacedObject
FormKey: 000EC8:VenpiCaveOverhaul.esm
Base: 161B66:Starfield.esm
Position: -44.03733, 102.843575, -8.636797
Rotation: 0, -0, 4.186186
