MutagenObjectType: PlacedObject
FormKey: 000E55:VenpiCaveOverhaul.esm
Base: 097804:Starfield.esm
Position: 9.328252, 53.48403, -1.4749522
