MutagenObjectType: PlacedObject
FormKey: 000E45:VenpiCaveOverhaul.esm
Base: 097804:Starfield.esm
Position: -38.907898, 73.69769, -8.977082
