MutagenObjectType: PlacedObject
FormKey: 000E4B:VenpiCaveOverhaul.esm
Base: 097804:Starfield.esm
Position: -15.315167, 60.630665, -4.7497635
