MutagenObjectType: PlacedObject
FormKey: 000E83:VenpiCaveOverhaul.esm
Base: 2F0639:Starfield.esm
Layer: 2355E0:Starfield.esm
Position: -35.45559, 72.30481, -9.309031
Rotation: -0.046753917, -0.04972587, 1.7344927
