MutagenObjectType: PlacedObject
FormKey: 000E22:VenpiCaveOverhaul.esm
Base: 06F734:Starfield.esm
Layer: 2355E0:Starfield.esm
Position: -31.0636, 77.32271, 4.771229
Rotation: -2.1646287, -1.1389093, 3.78127
