MutagenObjectType: PlacedObject
FormKey: 000E4C:VenpiCaveOverhaul.esm
Base: 097804:Starfield.esm
Position: -16.436949, 54.607323, -7.9818287
