MutagenObjectType: PlacedObject
FormKey: 000E4D:VenpiCaveOverhaul.esm
Base: 097804:Starfield.esm
Position: -14.956938, 53.212585, -7.687289
