MutagenObjectType: PlacedObject
FormKey: 000E2A:VenpiCaveOverhaul.esm
Base: 00375C:Starfield.esm
Layer: 121265:Starfield.esm
Position: 60.981667, -67.255745, 104.891495
