MutagenObjectType: PlacedObject
FormKey: 000E5C:VenpiCaveOverhaul.esm
Base: 222F82:Starfield.esm
Position: -32.108696, 67.34638, -8.431864
Rotation: -0.4355838, -0.20595461, 4.712389
