MutagenObjectType: PlacedObject
FormKey: 000E29:VenpiCaveOverhaul.esm
Base: 00375D:Starfield.esm
Layer: 121249:Starfield.esm
Position: 60.981667, -68.005745, 104.891495
