MutagenObjectType: PlacedObject
FormKey: 000E40:VenpiCaveOverhaul.esm
Base: 097804:Starfield.esm
Position: -15.317575, 83.29506, -8.529331
