MutagenObjectType: PlacedObject
FormKey: 000EAD:VenpiCaveOverhaul.esm
Base: 06F770:Starfield.esm
Layer: 2355E0:Starfield.esm
Position: 10.598796, 60.484333, 2.5014234
Rotation: -0.099313505, 0.2347169, 6.096962
