MutagenObjectType: PlacedObject
FormKey: 000E48:VenpiCaveOverhaul.esm
Base: 097804:Starfield.esm
Position: -21.73279, 58.058163, -8.374561
