MutagenObjectType: PlacedObject
FormKey: 000EF2:VenpiCaveOverhaul.esm
Base: 029B37:Starfield.esm
SourcePackIn: 20B234:Starfield.esm
Layer: 2355E0:Starfield.esm
Position: 22.970856, 52.82889, 5.337999
Rotation: -0.87976736, -0.0036958396, 0.21170056
