MutagenObjectType: PlacedObject
FormKey: 000E66:VenpiCaveOverhaul.esm
Base: 097804:Starfield.esm
Position: -35.357998, 88.6899, -8.977082
