MutagenObjectType: PlacedObject
FormKey: 000ED8:VenpiCaveOverhaul.esm
Base: 029B37:Starfield.esm
SourcePackIn: 20B234:Starfield.esm
Layer: 2355E0:Starfield.esm
Position: 10.564793, 61.567326, -0.16799025
Rotation: -2.1045861, 0.6966235, 4.9016123
