MutagenObjectType: PlacedObject
FormKey: 000EAF:VenpiCaveOverhaul.esm
Base: 2B3877:Starfield.esm
Layer: 035BAA:Starfield.esm
Position: 20.238865, 58.125584, 3.1456497
Rotation: 0, 0, 1.8325957
