MutagenObjectType: PlacedObject
FormKey: 000E4E:VenpiCaveOverhaul.esm
Base: 097804:Starfield.esm
Position: -12.530443, 57.592907, -7.0866117
