MutagenObjectType: PlacedObject
FormKey: 000E89:VenpiCaveOverhaul.esm
Base: 06F3A6:Starfield.esm
Layer: 2355E0:Starfield.esm
Scale: 1.0699999
Position: -32.757607, 57.60404, -8.974571
Rotation: 0.010130813, 0.19974661, 4.763404
