MutagenObjectType: PlacedObject
FormKey: 000EEA:VenpiCaveOverhaul.esm
Base: 029B3B:Starfield.esm
SourcePackIn: 20B234:Starfield.esm
Layer: 2355E0:Starfield.esm
Scale: 1.01
Position: 11.946268, 55.97083, 6.5550437
Rotation: -2.1295385, 0.5290965, 0.15331985
