MutagenObjectType: PlacedObject
FormKey: 000EF8:VenpiCaveOverhaul.esm
Base: 06F3A0:Starfield.esm
Layer: 2355E0:Starfield.esm
Position: -3.445354, 49.875797, -5.6677003
Rotation: 0, -0, 0.90000004
