MutagenObjectType: PlacedObject
FormKey: 000EFA:VenpiCaveOverhaul.esm
Base: 06F3A0:Starfield.esm
Layer: 2355E0:Starfield.esm
Position: -10.370247, 60.650597, -6.964094
Rotation: 0, -0, 0.6000001
