MutagenObjectType: PlacedObject
FormKey: 000E51:VenpiCaveOverhaul.esm
Base: 097804:Starfield.esm
Position: -6.518155, 53.596783, -5.795211
