MutagenObjectType: PlacedObject
FormKey: 000E2F:VenpiCaveOverhaul.esm
Base: 2C4F9A:Starfield.esm
Layer: 2355E0:Starfield.esm
Scale: 0.63
Position: -14.586851, 82.977295, -0.6683226
Rotation: 1.4208846, 0.8413587, 3.2199187
