MutagenObjectType: PlacedObject
FormKey: 000EE9:VenpiCaveOverhaul.esm
Base: 029B37:Starfield.esm
SourcePackIn: 20B234:Starfield.esm
Layer: 2355E0:Starfield.esm
Position: 19.807735, 57.070568, 5.8950095
Rotation: -0.84193146, -0.0050648227, 0.02288335
