MutagenObjectType: PlacedObject
FormKey: 000E8E:VenpiCaveOverhaul.esm
Base: 29CAC4:Starfield.esm
Layer: 2355E0:Starfield.esm
Position: -34.644436, 69.16151, -0.30529392
Rotation: 0, -0, 3.2157786
