MutagenObjectType: PlacedObject
FormKey: 000E3B:VenpiCaveOverhaul.esm
Base: 097804:Starfield.esm
Position: -42.06563, 70.27359, -8.977082
Rotation: 0, -0, 1.185
