MutagenObjectType: PlacedObject
FormKey: 000EC0:VenpiCaveOverhaul.esm
Base: 161B66:Starfield.esm
Position: -27.819944, 67.89866, -8.731768
Rotation: 0, -0, 5.6331854
