MutagenObjectType: PlacedObject
FormKey: 000E02:VenpiCaveOverhaul.esm
Base: 0C70B2:Starfield.esm
Position: -27.011896, 72.03635, -4.4552884
Rotation: 0.04652342, 0.06149554, 1.0028614
