MutagenObjectType: PlacedObject
FormKey: 000E47:VenpiCaveOverhaul.esm
Base: 097804:Starfield.esm
Position: -20.305864, 59.884003, -8.581373
