MutagenObjectType: PlacedObject
FormKey: 000E9A:VenpiCaveOverhaul.esm
Base: 06F76E:Starfield.esm
Layer: 2355E0:Starfield.esm
Position: -43.52318, 84.429985, -5.4888487
Rotation: 0, -0, 4.583184
