MutagenObjectType: PlacedObject
FormKey: 000E8A:VenpiCaveOverhaul.esm
Base: 2C1968:Starfield.esm
Layer: 2355E0:Starfield.esm
Position: -30.36441, 90.60865, 3.917894
Rotation: -2.503492, 1.128663, 5.069419
