MutagenObjectType: PlacedObject
FormKey: 000EF4:VenpiCaveOverhaul.esm
Base: 06F73F:Starfield.esm
Layer: 2355E0:Starfield.esm
Position: -17.546225, 51.59028, -9.418905
Rotation: 0.054593578, 0.23964746, 0.48833758
