MutagenObjectType: PlacedObject
FormKey: 000FAC:VenpiCaveOverhaul.esm
Base: 012383:Starfield.esm
Layer: 2355E0:Starfield.esm
Scale: 1.11
Position: -40.98867, 77.06925, -8.393845
Rotation: -0.2017972, -0.010204921, 0.7566919
