MutagenObjectType: PlacedObject
FormKey: 000FC7:VenpiCaveOverhaul.esm
Base: 211462:Starfield.esm
Layer: 2355E0:Starfield.esm
Scale: 0.84
Position: -28.33386, 83.68117, -8.633661
Rotation: 0.12525849, -0.053752612, 1.8623888
