MutagenObjectType: PlacedObject
FormKey: 000F41:VenpiCaveOverhaul.esm
Base: 012366:Starfield.esm
Layer: 2355E0:Starfield.esm
Position: -46.378048, 92.69569, -8.901554
Rotation: 0.10062449, -0.10167701, 1.4387057
