MutagenObjectType: PlacedObject
FormKey: 000F10:VenpiCaveOverhaul.esm
Base: 06F3A6:Starfield.esm
Layer: 2355E0:Starfield.esm
Position: -2.4674032, 49.375042, -4.5040197
Rotation: 0.044568945, 0.09410607, 0.25243565
