MutagenObjectType: PlacedObject
FormKey: 000FD8:VenpiCaveOverhaul.esm
Base: 211462:Starfield.esm
Layer: 2355E0:Starfield.esm
Position: -34.50944, 75.32909, -8.784878
Rotation: -0.0004987548, 0.09949877, 5.473169
