MutagenObjectType: PlacedObject
FormKey: 000FDB:VenpiCaveOverhaul.esm
Base: 0132D4:Starfield.esm
Layer: 2355E0:Starfield.esm
Scale: 0.88
Position: -35.45323, 86.06091, -9.066427
Rotation: -1.5773495, -0.18002334, 0.48065844
