MutagenObjectType: PlacedObject
FormKey: 000F74:VenpiCaveOverhaul.esm
Base: 2C4F9A:Starfield.esm
Layer: 2355E0:Starfield.esm
Position: -44.423798, 101.92567, 0.20916617
Rotation: -0.8535704, -0.27798188, 1.0583931
