MutagenObjectType: PlacedObject
FormKey: 000F58:VenpiCaveOverhaul.esm
Base: 2F0639:Starfield.esm
Layer: 2355E0:Starfield.esm
Position: -18.821196, 99.61364, -4.7353086
Rotation: -0.44689867, 0.15392017, 0.04754996
