MutagenObjectType: PlacedObject
FormKey: 000FB1:VenpiCaveOverhaul.esm
Base: 012381:Starfield.esm
Layer: 2355E0:Starfield.esm
Scale: 0.96
Position: -42.9702, 75.35177, -8.30721
Rotation: 0.021430306, -0.08854588, 6.1653466
