MutagenObjectType: PlacedObject
FormKey: 000FD9:VenpiCaveOverhaul.esm
Base: 0132D3:Starfield.esm
Layer: 2355E0:Starfield.esm
Scale: 0.94
Position: -37.470116, 81.64176, -8.705777
Rotation: 0.3630579, -0.424422, 3.5758107
