MutagenObjectType: PlacedObject
FormKey: 000FD4:VenpiCaveOverhaul.esm
Base: 012381:Starfield.esm
Layer: 2355E0:Starfield.esm
Scale: 1.06
Position: -27.391409, 75.35856, -8.774233
Rotation: -0.17086327, 0.019501435, 4.712389
