MutagenObjectType: PlacedObject
FormKey: 000F22:VenpiCaveOverhaul.esm
Base: 06F76F:Starfield.esm
Layer: 2355E0:Starfield.esm
Position: -48.819088, 93.29542, -7.212525
Rotation: 0.4499999, -0, 4.3995547
