MutagenObjectType: PlacedObject
FormKey: 000F0D:VenpiCaveOverhaul.esm
Base: 06F734:Starfield.esm
Layer: 2355E0:Starfield.esm
Position: -45.38214, 67.75069, -11.757419
Rotation: -0.08982108, 0.634151, 1.6970862
