MutagenObjectType: PlacedObject
FormKey: 000FB5:VenpiCaveOverhaul.esm
Base: 211462:Starfield.esm
Layer: 2355E0:Starfield.esm
Position: -37.582325, 99.175865, -8.270718
Rotation: -0.04987516, -0.039728086, 3.9123893
