MutagenObjectType: PlacedObject
FormKey: 000F24:VenpiCaveOverhaul.esm
Base: 06F73E:Starfield.esm
Layer: 2355E0:Starfield.esm
Position: -11.373345, 78.095695, -1.3605509
Rotation: 0.07287337, 0.56319964, 2.245661
