MutagenObjectType: PlacedObject
FormKey: 000F11:VenpiCaveOverhaul.esm
Base: 06F3A0:Starfield.esm
Layer: 2355E0:Starfield.esm
Position: -33.09752, 83.33227, -8.853526
Rotation: 0, -0, 2.7668147
