MutagenObjectType: PlacedObject
FormKey: 000F8C:VenpiCaveOverhaul.esm
Base: 012382:Starfield.esm
Layer: 2355E0:Starfield.esm
Scale: 1.1899999
Position: -0.28221628, 51.11955, -4.3423386
Rotation: 0.07078256, 0.21062467, 2.687958
