MutagenObjectType: PlacedObject
FormKey: 000F0A:VenpiCaveOverhaul.esm
Base: 06F73D:Starfield.esm
Layer: 2355E0:Starfield.esm
Position: 7.0326786, 58.0142, 5.142022
Rotation: -1.5844599, 1.347241, 1.8377907
