MutagenObjectType: PlacedObject
FormKey: 000FB8:VenpiCaveOverhaul.esm
Base: 012382:Starfield.esm
Layer: 2355E0:Starfield.esm
Scale: 0.98999995
Position: -19.85563, 94.011986, -7.507963
Rotation: 0.006509453, -0.04683972, 0.8335946
