MutagenObjectType: PlacedObject
FormKey: 000FD6:VenpiCaveOverhaul.esm
Base: 012382:Starfield.esm
Layer: 2355E0:Starfield.esm
Scale: 1.25
Position: -29.849792, 76.190796, -8.637458
Rotation: 0.021781534, 0.0574886, 6.163792
