MutagenObjectType: PlacedObject
FormKey: 000F7A:VenpiCaveOverhaul.esm
Base: 06F39D:Starfield.esm
Layer: 2355E0:Starfield.esm
Position: -41.015583, 81.171455, -8.590768
Rotation: 0.059079908, -0.03417193, 2.0323203
