MutagenObjectType: PlacedObject
FormKey: 000F9D:VenpiCaveOverhaul.esm
Base: 012383:Starfield.esm
Layer: 2355E0:Starfield.esm
Scale: 0.98999995
Position: -32.592922, 57.59584, -8.727553
Rotation: -0.14644024, 0.07504026, 2.7463634
