MutagenObjectType: PlacedObject
FormKey: 000F75:VenpiCaveOverhaul.esm
Base: 06F39E:Starfield.esm
Layer: 2355E0:Starfield.esm
Position: -7.4081664, 60.24444, -5.2175145
Rotation: 0.030415358, 0.3207135, 6.191479
