MutagenObjectType: PlacedObject
FormKey: 000F8B:VenpiCaveOverhaul.esm
Base: 012381:Starfield.esm
Layer: 2355E0:Starfield.esm
Scale: 0.90999997
Position: -0.82204527, 51.069923, -4.3533754
Rotation: 0.15251036, 0.09281952, 4.712389
