MutagenObjectType: PlacedObject
FormKey: 000F04:VenpiCaveOverhaul.esm
Base: 012366:Starfield.esm
Layer: 2355E0:Starfield.esm
Position: -20.012522, 55.564274, -8.510711
Rotation: 0.09684968, -0.009992876, 1.1292031
