MutagenObjectType: PlacedObject
FormKey: 000FCA:VenpiCaveOverhaul.esm
Base: 012381:Starfield.esm
Layer: 2355E0:Starfield.esm
Scale: 0.9
Position: -19.145227, 66.11427, -8.527151
Rotation: -0.040790867, 0.120487384, 2.8261192
