MutagenObjectType: PlacedObject
FormKey: 000F40:VenpiCaveOverhaul.esm
Base: 06F39E:Starfield.esm
Layer: 2355E0:Starfield.esm
Position: -43.350483, 100.51605, -8.821128
Rotation: -0.17691594, -0.028588388, 4.365274
