MutagenObjectType: PlacedObject
FormKey: 000F73:VenpiCaveOverhaul.esm
Base: 06F73E:Starfield.esm
Layer: 2355E0:Starfield.esm
Position: -41.685516, 95.5916, 2.1081493
Rotation: 0.7429919, -0.75118136, 4.4614563
