MutagenObjectType: PlacedObject
FormKey: 000FC4:VenpiCaveOverhaul.esm
Base: 012382:Starfield.esm
Layer: 2355E0:Starfield.esm
Scale: 1.2099999
Position: -33.98816, 78.38646, -8.936481
Rotation: -0.044377565, 0.023051668, 4.5134478
