MutagenObjectType: PlacedObject
FormKey: 000F89:VenpiCaveOverhaul.esm
Base: 211462:Starfield.esm
Layer: 2355E0:Starfield.esm
Position: 7.301654, 56.344917, -1.8306508
Rotation: -0.02505442, 0.269799, 6.2765064
