MutagenObjectType: PlacedObject
FormKey: 000FCC:VenpiCaveOverhaul.esm
Base: 06F39E:Starfield.esm
Layer: 2355E0:Starfield.esm
Position: -15.159926, 62.031445, -4.8552604
Rotation: 0.0059832335, -0.044982538, 4.785742
