MutagenObjectType: PlacedObject
FormKey: 000F91:VenpiCaveOverhaul.esm
Base: 012383:Starfield.esm
Layer: 2355E0:Starfield.esm
Scale: 1.06
Position: -8.354523, 53.159206, -6.402521
Rotation: -0.1401341, 0.29259476, 6.242523
