MutagenObjectType: PlacedObject
FormKey: 000F42:VenpiCaveOverhaul.esm
Base: 06F39E:Starfield.esm
Layer: 2355E0:Starfield.esm
Position: -47.763622, 98.2585, -9.086698
Rotation: 0, -0, 2.1623888
