MutagenObjectType: PlacedObject
FormKey: 000F49:VenpiCaveOverhaul.esm
Base: 2D012B:Starfield.esm
Layer: 2355E0:Starfield.esm
Position: -33.117863, 83.35517, -9.63318
Rotation: 0, -0, 2.7668147
