MutagenObjectType: PlacedObject
FormKey: 000FA6:VenpiCaveOverhaul.esm
Base: 012383:Starfield.esm
Layer: 2355E0:Starfield.esm
Scale: 0.75
Position: -34.734394, 74.658585, -8.781111
Rotation: 0.064414985, 0.07578035, 0.00488338
