MutagenObjectType: PlacedObject
FormKey: 000F07:VenpiCaveOverhaul.esm
Base: 06F3A7:Starfield.esm
Layer: 2355E0:Starfield.esm
Position: 8.997519, 57.981674, -1.2263694
Rotation: -0.21548547, 0.22298092, 6.2348247
