MutagenObjectType: PlacedObject
FormKey: 000FB6:VenpiCaveOverhaul.esm
Base: 211462:Starfield.esm
Layer: 2355E0:Starfield.esm
Position: -41.185856, 100.40702, -8.435989
Rotation: -0.25902766, 0.13529979, 2.8047595
