MutagenObjectType: PlacedObject
FormKey: 000F96:VenpiCaveOverhaul.esm
Base: 012383:Starfield.esm
Layer: 2355E0:Starfield.esm
Scale: 0.78999996
Position: -15.661722, 57.745605, -8.193196
Rotation: -0.3117247, -0.73384637, 0.865509
