MutagenObjectType: PlacedObject
FormKey: 000FD3:VenpiCaveOverhaul.esm
Base: 06F766:Starfield.esm
Layer: 2355E0:Starfield.esm
Position: -22.795227, 54.31318, -3.7768438
Rotation: 0.59837765, -0.28793082, 0.94731677
