MutagenObjectType: PlacedObject
FormKey: 000F70:VenpiCaveOverhaul.esm
Base: 06F39D:Starfield.esm
Layer: 2355E0:Starfield.esm
Position: -16.22442, 67.33417, -8.650875
Rotation: -0.011642727, 0.0059038373, 5.7860823
