MutagenObjectType: PlacedObject
FormKey: 000FBB:VenpiCaveOverhaul.esm
Base: 211462:Starfield.esm
Layer: 2355E0:Starfield.esm
Position: -20.201258, 95.938995, -8.044191
Rotation: 0.28679493, 0.2211262, 1.1623888
