MutagenObjectType: PlacedObject
FormKey: 000F62:VenpiCaveOverhaul.esm
Base: 06F73D:Starfield.esm
Layer: 2355E0:Starfield.esm
Position: 11.634885, 50.907314, 7.5493956
Rotation: 0.3957713, 0.00713617, 3.9244573
