MutagenObjectType: PlacedObject
FormKey: 000FAA:VenpiCaveOverhaul.esm
Base: 012383:Starfield.esm
Layer: 2355E0:Starfield.esm
Scale: 0.76
Position: -37.30424, 81.31808, -8.605019
Rotation: -0.124994725, 0.008104548, 1.5356687
