MutagenObjectType: PlacedObject
FormKey: 000F1A:VenpiCaveOverhaul.esm
Base: 06F73D:Starfield.esm
Layer: 2355E0:Starfield.esm
Position: -10.681607, 63.441265, 0.27904785
Rotation: -1.4630961, 0.035636295, 2.0610092
