MutagenObjectType: PlacedObject
FormKey: 000FA0:VenpiCaveOverhaul.esm
Base: 012382:Starfield.esm
Layer: 2355E0:Starfield.esm
Scale: 0.71
Position: -38.320843, 69.18513, -8.906437
Rotation: 0.045481123, 0.009707903, 5.0642447
