MutagenObjectType: PlacedObject
FormKey: 000F82:VenpiCaveOverhaul.esm
Base: 06F3A5:Starfield.esm
Layer: 2355E0:Starfield.esm
Scale: 0.84
Position: -30.615707, 83.69782, -8.458166
Rotation: -0.052211594, -0.114124276, 5.149334
