MutagenObjectType: PlacedObject
FormKey: 000F25:VenpiCaveOverhaul.esm
Base: 06F73E:Starfield.esm
Layer: 2355E0:Starfield.esm
Position: -12.269854, 85.18285, -10.1043215
Rotation: 0.7941147, -0.4864307, 0.51351494
