MutagenObjectType: PlacedObject
FormKey: 000F15:VenpiCaveOverhaul.esm
Base: 2C4F9A:Starfield.esm
Layer: 2355E0:Starfield.esm
Scale: 1.11
Position: -24.173326, 104.16058, -0.449493
Rotation: 2.2652209, -0.5913706, 2.7573512
