MutagenObjectType: PlacedObject
FormKey: 000F00:VenpiCaveOverhaul.esm
Base: 06F3A7:Starfield.esm
Layer: 2355E0:Starfield.esm
Position: -10.85198, 57.58563, -6.597898
Rotation: -0.1437947, 0.38363016, 0.14586085
