MutagenObjectType: PlacedObject
FormKey: 000F6B:VenpiCaveOverhaul.esm
Base: 06F3A0:Starfield.esm
Layer: 2355E0:Starfield.esm
Scale: 0.9
Position: -17.188997, 62.161797, -8.947336
Rotation: 0, -0, 3.4331853
