MutagenObjectType: PlacedObject
FormKey: 000F30:VenpiCaveOverhaul.esm
Base: 06F3A9:Starfield.esm
Layer: 2355E0:Starfield.esm
Position: -13.761153, 72.44692, -8.502962
Rotation: 0.09434908, 0.08690323, 5.0625963
