MutagenObjectType: PlacedObject
FormKey: 000F52:VenpiCaveOverhaul.esm
Base: 06F3A1:Starfield.esm
Layer: 2355E0:Starfield.esm
Position: -44.02929, 88.631195, -8.819862
Rotation: 0, -0, 0.96681535
