MutagenObjectType: PlacedObject
FormKey: 000F2D:VenpiCaveOverhaul.esm
Base: 06F39D:Starfield.esm
Layer: 2355E0:Starfield.esm
Position: -29.580433, 85.235306, -8.754559
Rotation: 0.0815004, -0.09521975, 5.509011
