MutagenObjectType: PlacedObject
FormKey: 000F1D:VenpiCaveOverhaul.esm
Base: 06F76B:Starfield.esm
Layer: 2355E0:Starfield.esm
Scale: 0.76
Position: -6.4731965, 63.456226, 1.1835355
Rotation: 0.25997669, 0.031193411, 1.1922789
