MutagenObjectType: PlacedObject
FormKey: 000F2E:VenpiCaveOverhaul.esm
Base: 2F0639:Starfield.esm
Layer: 2355E0:Starfield.esm
Position: -12.704408, 82.52088, -9.226868
Rotation: 0.009646118, 0.094463006, 4.1348715
