MutagenObjectType: PlacedObject
FormKey: 000F69:VenpiCaveOverhaul.esm
Base: 06F39E:Starfield.esm
Layer: 2355E0:Starfield.esm
Position: -13.66397, 52.935745, -7.8835254
Rotation: -0.020218173, 0.22413112, 6.2786913
