MutagenObjectType: PlacedObject
FormKey: 000F33:VenpiCaveOverhaul.esm
Base: 06F76D:Starfield.esm
Layer: 2355E0:Starfield.esm
Position: -44.525776, 53.942043, -4.5098853
Rotation: 0, -0, 4.072564
