MutagenObjectType: PlacedObject
FormKey: 000F7B:VenpiCaveOverhaul.esm
Base: 2F0639:Starfield.esm
Layer: 2355E0:Starfield.esm
Position: -34.872185, 80.60804, -9.046977
Rotation: -0.046754006, -0.049725816, 3.834493
