MutagenObjectType: PlacedObject
FormKey: 000FC8:VenpiCaveOverhaul.esm
Base: 012383:Starfield.esm
Layer: 2355E0:Starfield.esm
Scale: 1.11
Position: -16.908482, 68.22051, -8.237694
Rotation: -0.028220367, 0.12724647, 0.66231006
