MutagenObjectType: PlacedObject
FormKey: 000F38:VenpiCaveOverhaul.esm
Base: 2F0639:Starfield.esm
Layer: 2355E0:Starfield.esm
Scale: 1.0699999
Position: -45.594822, 69.377464, -9.016455
Rotation: 0, -0, 5.012389
