MutagenObjectType: PlacedObject
FormKey: 000F4B:VenpiCaveOverhaul.esm
Base: 06F39D:Starfield.esm
Layer: 2355E0:Starfield.esm
Scale: 0.90999997
Position: -34.117317, 86.28352, -8.922572
Rotation: 0, -0, 5.312389
