MutagenObjectType: PlacedObject
FormKey: 000FBC:VenpiCaveOverhaul.esm
Base: 012381:Starfield.esm
Layer: 2355E0:Starfield.esm
Scale: 0.97999996
Position: -19.87341, 93.012245, -7.611546
Rotation: 0.05293207, 0.12752056, 0.006737787
