MutagenObjectType: PlacedObject
FormKey: 000FB3:VenpiCaveOverhaul.esm
Base: 012381:Starfield.esm
Layer: 2355E0:Starfield.esm
Scale: 0.82
Position: -44.71361, 99.639366, -8.750859
Rotation: -0.0783305, -0.014657719, 4.712389
