MutagenObjectType: PlacedObject
FormKey: 000F39:VenpiCaveOverhaul.esm
Base: 06F3A1:Starfield.esm
Layer: 2355E0:Starfield.esm
Position: -26.709444, 71.22021, -5.3665457
Rotation: 0, -0, 1.2336302
