MutagenObjectType: PlacedObject
FormKey: 000F18:VenpiCaveOverhaul.esm
Base: 06F3A1:Starfield.esm
Layer: 2355E0:Starfield.esm
Scale: 0.9
Position: -39.94028, 101.755554, -8.87908
Rotation: 0, -0, 3.516815
