MutagenObjectType: PlacedObject
FormKey: 000F7F:VenpiCaveOverhaul.esm
Base: 06F3A6:Starfield.esm
Layer: 2355E0:Starfield.esm
Scale: 1.0699999
Position: -27.670744, 72.96536, -8.555711
Rotation: 0.17390636, -0.02301227, 5.6620207
