MutagenObjectType: PlacedObject
FormKey: 000F32:VenpiCaveOverhaul.esm
Base: 2F063A:Starfield.esm
Layer: 2355E0:Starfield.esm
Scale: 1.0699999
Position: -23.309593, 67.89357, -8.487369
Rotation: 0.049767192, 0.047803447, 5.035057
