MutagenObjectType: PlacedObject
FormKey: 000FDF:VenpiCaveOverhaul.esm
Base: 06F76F:Starfield.esm
Layer: 2355E0:Starfield.esm
Position: -38.35898, 81.81982, 5.333849
Rotation: -0.2859756, -0.9203402, 4.901381
