MutagenObjectType: PlacedObject
FormKey: 000FA5:VenpiCaveOverhaul.esm
Base: 012381:Starfield.esm
Layer: 2355E0:Starfield.esm
Scale: 1.2099999
Position: -33.8135, 75.42417, -8.506564
Rotation: 0.13723384, 0.23366854, 0.031964824
