MutagenObjectType: PlacedObject
FormKey: 000F98:VenpiCaveOverhaul.esm
Base: 012383:Starfield.esm
Layer: 2355E0:Starfield.esm
Scale: 1.18
Position: -19.337635, 56.74202, -8.571652
Rotation: 0.45043966, -0.26657012, 4.712389
