MutagenObjectType: PlacedObject
FormKey: 000F9E:VenpiCaveOverhaul.esm
Base: 211462:Starfield.esm
Layer: 2355E0:Starfield.esm
Position: -32.024162, 57.50701, -8.649346
Rotation: -0.0006529909, 0.19837978, 5.933057
