MutagenObjectType: PlacedObject
FormKey: 000FDA:VenpiCaveOverhaul.esm
Base: 0132D2:Starfield.esm
Layer: 2355E0:Starfield.esm
Scale: 0.7
Position: -39.756947, 82.23464, -8.307527
Rotation: 0.013613076, -0.13907892, 6.281298
