MutagenObjectType: PlacedObject
FormKey: 000F5B:VenpiCaveOverhaul.esm
Base: 06F39E:Starfield.esm
Layer: 2355E0:Starfield.esm
Position: -13.131382, 74.61396, -8.566275
Rotation: 0.029532613, -0.03211169, 5.9169493
