MutagenObjectType: PlacedObject
FormKey: 000F31:VenpiCaveOverhaul.esm
Base: 2F063A:Starfield.esm
Layer: 2355E0:Starfield.esm
Scale: 1.0699999
Position: -33.414898, 68.22554, -8.7057905
Rotation: -0.34784058, 0.10863811, 0.12395094
