MutagenObjectType: PlacedObject
FormKey: 000F4E:VenpiCaveOverhaul.esm
Base: 06F39D:Starfield.esm
Layer: 2355E0:Starfield.esm
Scale: 1.0699999
Position: -30.022907, 74.58564, -8.858034
Rotation: 0.07331674, -0.08295373, 6.2063894
