MutagenObjectType: PlacedObject
FormKey: 000F26:VenpiCaveOverhaul.esm
Base: 06F73E:Starfield.esm
Layer: 2355E0:Starfield.esm
Position: -13.066613, 79.46314, -12.363146
Rotation: 2.6027606, 0.6045171, 1.3262548
