MutagenObjectType: PlacedObject
FormKey: 000FC5:VenpiCaveOverhaul.esm
Base: 012382:Starfield.esm
Layer: 2355E0:Starfield.esm
Scale: 0.71
Position: -30.075878, 80.7681, -8.650906
Rotation: -0.116140656, 0.0022135887, 0.2568695
