MutagenObjectType: PlacedObject
FormKey: 000FA3:VenpiCaveOverhaul.esm
Base: 012382:Starfield.esm
Layer: 2355E0:Starfield.esm
Scale: 0.91999996
Position: -39.64335, 69.47594, -8.908813
Rotation: 0.045481123, -0.025081625, 2.3112013
