MutagenObjectType: PlacedObject
FormKey: 000F72:VenpiCaveOverhaul.esm
Base: 06F76B:Starfield.esm
Layer: 2355E0:Starfield.esm
Position: -33.53376, 101.52872, -0.67158854
Rotation: -0.7993749, 0.035860535, 3.2416325
