MutagenObjectType: PlacedObject
FormKey: 000F4F:VenpiCaveOverhaul.esm
Base: 06F39D:Starfield.esm
Layer: 2355E0:Starfield.esm
Scale: 1.0699999
Position: -34.814816, 69.827065, -8.86751
Rotation: -0.004618461, 0.10494177, 5.785125
