MutagenObjectType: PlacedObject
FormKey: 000F2C:VenpiCaveOverhaul.esm
Base: 2F0639:Starfield.esm
Layer: 2355E0:Starfield.esm
Position: -18.02894, 91.60275, -7.7693872
Rotation: -0.0920631, -0.016009284, 1.9730004
