MutagenObjectType: PlacedObject
FormKey: 000FA8:VenpiCaveOverhaul.esm
Base: 012383:Starfield.esm
Layer: 2355E0:Starfield.esm
Scale: 0.90999997
Position: -35.625736, 79.34286, -8.737818
Rotation: -0.019997096, -0.17694023, 0.003520308
