MutagenObjectType: PlacedObject
FormKey: 000F34:VenpiCaveOverhaul.esm
Base: 06F734:Starfield.esm
Layer: 2355E0:Starfield.esm
Position: -41.507618, 54.71676, -10.552294
Rotation: 3.0710242, -0.7378535, 2.291416
