MutagenObjectType: PlacedObject
FormKey: 000FDD:VenpiCaveOverhaul.esm
Base: 27A3A7:Starfield.esm
Layer: 2355E0:Starfield.esm
Position: -39.327877, 85.19201, -8.835857
Rotation: -0.11931793, -0.17276664, 0.02060598
