MutagenObjectType: PlacedObject
FormKey: 000F76:VenpiCaveOverhaul.esm
Base: 06F39E:Starfield.esm
Layer: 2355E0:Starfield.esm
Position: -5.1322784, 57.576046, -4.233016
Rotation: -0.09171682, 0.3179347, 6.254442
