MutagenObjectType: PlacedObject
FormKey: 000FCB:VenpiCaveOverhaul.esm
Base: 211462:Starfield.esm
Layer: 2355E0:Starfield.esm
Scale: 0.74
Position: -18.754574, 66.97334, -8.499343
Rotation: 0.04565261, 0.1185934, 4.97849
