MutagenObjectType: PlacedObject
FormKey: 000F0F:VenpiCaveOverhaul.esm
Base: 2F0639:Starfield.esm
Layer: 2355E0:Starfield.esm
Position: 0.46871603, 48.984512, -4.185517
Rotation: 0.07498404, 0.1808545, 2.963511
