MutagenObjectType: PlacedObject
FormKey: 000F3A:VenpiCaveOverhaul.esm
Base: 06F3A0:Starfield.esm
Layer: 2355E0:Starfield.esm
Position: -30.875626, 71.480865, -4.8265944
Rotation: 0, -0, 2.58363
