MutagenObjectType: PlacedObject
FormKey: 000F63:VenpiCaveOverhaul.esm
Base: 06F73E:Starfield.esm
Layer: 2355E0:Starfield.esm
Position: -16.259644, 61.975136, 5.4981956
Rotation: -0.4270952, -0.3512785, 2.1982203
