MutagenObjectType: PlacedObject
FormKey: 000FBF:VenpiCaveOverhaul.esm
Base: 211462:Starfield.esm
Layer: 2355E0:Starfield.esm
Position: -13.55312, 82.08216, -8.795546
Rotation: -0.08408099, -0.04040126, 4.312389
