MutagenObjectType: PlacedObject
FormKey: 000F20:VenpiCaveOverhaul.esm
Base: 06F3A0:Starfield.esm
Layer: 2355E0:Starfield.esm
Scale: 0.9
Position: -9.163284, 61.509182, -5.9155164
Rotation: 0, -0, 1.0499997
