MutagenObjectType: PlacedObject
FormKey: 000F29:VenpiCaveOverhaul.esm
Base: 06F3A7:Starfield.esm
Layer: 2355E0:Starfield.esm
Position: -13.233792, 75.84931, -9.118635
Rotation: 0.030347815, -0.063599624, 4.712389
