MutagenObjectType: PlacedObject
FormKey: 000FB7:VenpiCaveOverhaul.esm
Base: 012382:Starfield.esm
Layer: 2355E0:Starfield.esm
Scale: 0.71
Position: -19.72285, 95.4401, -7.7345624
Rotation: 0.26856548, 0.073820524, 4.712389
