MutagenObjectType: PlacedObject
FormKey: 000FB9:VenpiCaveOverhaul.esm
Base: 012382:Starfield.esm
Layer: 2355E0:Starfield.esm
Scale: 0.79999995
Position: -20.04652, 92.32182, -7.5954876
Rotation: -0.074687496, -0.004100354, 0.50912434
