MutagenObjectType: PlacedObject
FormKey: 000F9B:VenpiCaveOverhaul.esm
Base: 012382:Starfield.esm
Layer: 2355E0:Starfield.esm
Scale: 1.11
Position: -24.792902, 59.29271, -8.615831
Rotation: 0.16669717, 0.15913527, 2.2812054
