MutagenObjectType: PlacedObject
FormKey: 000F5E:VenpiCaveOverhaul.esm
Base: 06F3A0:Starfield.esm
Layer: 2355E0:Starfield.esm
Position: -23.932215, 69.59705, -9.113204
Rotation: 0, -0, 0.8668152
