MutagenObjectType: PlacedObject
FormKey: 000F0B:VenpiCaveOverhaul.esm
Base: 22496F:Starfield.esm
Layer: 2355E0:Starfield.esm
Position: -32.95154, 68.92736, -9.141415
Rotation: 3.3200915E-09, -1.8328157E-08, 3.462389
