MutagenObjectType: PlacedObject
FormKey: 000F3F:VenpiCaveOverhaul.esm
Base: 06F39D:Starfield.esm
Layer: 2355E0:Starfield.esm
Position: -42.24345, 102.34005, -8.358607
Rotation: -0.18879016, 0.05357622, 3.7240186
