MutagenObjectType: PlacedObject
FormKey: 000F3D:VenpiCaveOverhaul.esm
Base: 06F3A8:Starfield.esm
Layer: 2355E0:Starfield.esm
Position: -48.205204, 96.15044, -9.055017
Rotation: 0, -0, 4.1331854
