MutagenObjectType: PlacedObject
FormKey: 000F78:VenpiCaveOverhaul.esm
Base: 2F063A:Starfield.esm
Layer: 2355E0:Starfield.esm
Position: -16.048296, 58.907738, -8.420438
Rotation: -0.051172126, -0.011707548, 5.182807
