MutagenObjectType: PlacedObject
FormKey: 000F80:VenpiCaveOverhaul.esm
Base: 06F3A6:Starfield.esm
Layer: 2355E0:Starfield.esm
Scale: 1.0699999
Position: -33.944794, 98.9146, -8.564532
Rotation: -0.07041401, -0.05099274, 0.27318498
