MutagenObjectType: PlacedObject
FormKey: 000F65:VenpiCaveOverhaul.esm
Base: 06F73D:Starfield.esm
Layer: 2355E0:Starfield.esm
Scale: 0.65
Position: -0.86654496, 48.184875, -4.0986605
Rotation: 3.087366, -0.595032, 3.0201304
