MutagenObjectType: PlacedObject
FormKey: 001001:VenpiCaveOverhaul.esm
Base: 2B3CB8:Starfield.esm
Layer: 2B3CB9:Starfield.esm
Position: 22.325996, 58.187504, 2.5456493
Rotation: 0, 0, 1.8325957
