MutagenObjectType: PlacedObject
FormKey: 0010A5:VenpiCaveOverhaul.esm
Base: 06F39F:Starfield.esm
Scale: 1.5
Position: 54.63132, 45.064987, 6.24727
Rotation: -3.295354E-08, 9.39225E-08, 4.4
