MutagenObjectType: PlacedObject
FormKey: 00109F:VenpiCaveOverhaul.esm
Base: 06F3A0:Starfield.esm
Scale: 1.6899999
Position: 29.921156, 57.200737, 5.6908407
Rotation: 0, -0, 0.19999994
