MutagenObjectType: PlacedObject
FormKey: 001070:VenpiCaveOverhaul.esm
Base: 0C70B2:Starfield.esm
Position: 45.85221, 58.43463, 0.92576206
Rotation: -1.1339022, -0.89223635, 2.7929
