MutagenObjectType: PlacedObject
FormKey: 0010CC:VenpiCaveOverhaul.esm
Base: 266E67:Starfield.esm
Scale: 1.06
Position: 59.051514, 31.701702, 0.11840352
Rotation: 1.1413028, -0.092071645, 4.5681944
