MutagenObjectType: PlacedObject
FormKey: 001028:VenpiCaveOverhaul.esm
Base: 20748B:Starfield.esm
Layer: 2B3CB6:Starfield.esm
Position: 57.031292, 36.201073, -1.0243884
Rotation: 0, -0, 4.146553
