MutagenObjectType: PlacedObject
FormKey: 0010FF:VenpiCaveOverhaul.esm
Base: 266E65:Starfield.esm
Scale: 0.96999997
Position: 45.55133, 56.639984, -2.1330714
Rotation: -1.3531659, 0.6260972, 2.86366
