MutagenObjectType: PlacedObject
FormKey: 00108C:VenpiCaveOverhaul.esm
Base: 06F39F:Starfield.esm
Scale: 1.51
Position: 54.79813, 31.073479, 6.2472653
Rotation: 0, -0, 5.700001
