MutagenObjectType: PlacedObject
FormKey: 0010D8:VenpiCaveOverhaul.esm
Base: 019048:Starfield.esm
Scale: 1.49
Position: 56.95479, 30.814596, -0.10703638
Rotation: -0.14274608, -0.07491604, 1.6143948
