MutagenObjectType: PlacedObject
FormKey: 00103D:VenpiCaveOverhaul.esm
Base: 226AF8:Starfield.esm
Primitive:
  Bounds: 34.920258, 101.1797, 30.86692
  Color: '#00004080'
  Unknown: 0.3
  Type: Box
Layer: 2B3CB6:Starfield.esm
Position: 82.958145, 49.690224, 9.92086
