MutagenObjectType: PlacedObject
FormKey: 00107F:VenpiCaveOverhaul.esm
Base: 29CAAC:Starfield.esm
Scale: 0.96
Position: 38.100002, 65.700005, 1.2
Rotation: 0.30000004, -7.761019E-09, 6.283185
