MutagenObjectType: PlacedObject
FormKey: 001024:VenpiCaveOverhaul.esm
Base: 204006:Starfield.esm
Layer: 2B3CB6:Starfield.esm
Position: 34.971695, 53.516975, -0.8108969
