MutagenObjectType: PlacedObject
FormKey: 001080:VenpiCaveOverhaul.esm
Base: 29CAAD:Starfield.esm
Scale: 1.25
Position: 24.6, 47.7, 1.9563158
Rotation: -3.132956, -0.041711487, 4.739929
