MutagenObjectType: PlacedObject
FormKey: 0010B5:VenpiCaveOverhaul.esm
Base: 0001F8:Starfield.esm
Position: 56.901157, 17.268476, 5.2001247
