MutagenObjectType: PlacedObject
FormKey: 0010B3:VenpiCaveOverhaul.esm
Base: 367180:Starfield.esm
Position: 35.884827, 43.331867, 0.6524086
Rotation: 0, -0, 2.6
