MutagenObjectType: PlacedObject
FormKey: 0010A6:VenpiCaveOverhaul.esm
Base: 06F39F:Starfield.esm
Scale: 1.5
Position: 49.79189, 54.926983, 5.737367
Rotation: -0.14610514, 0.13706698, 3.8899536
