MutagenObjectType: PlacedObject
FormKey: 0010D2:VenpiCaveOverhaul.esm
Base: 266E67:Starfield.esm
Scale: 0.87
Position: 59.89093, 38.045258, -1.313073
Rotation: 0.3093125, -1.1581368, 1.2499942
