MutagenObjectType: PlacedObject
FormKey: 001072:VenpiCaveOverhaul.esm
Base: 0C70B2:Starfield.esm
Position: 56.674236, 44.31651, 1.7530795
Rotation: -1.8261015, 0.5452979, 3.041916
