MutagenObjectType: PlacedObject
FormKey: 0010AD:VenpiCaveOverhaul.esm
Base: 15691F:Starfield.esm
Position: 34.746246, 17.399996, 2.4910545
Rotation: 0, 6.161012, 0.48318544
