MutagenObjectType: PlacedObject
FormKey: 001074:VenpiCaveOverhaul.esm
Base: 0C70B2:Starfield.esm
Position: 54.593697, 44.241222, 2.2264228
Rotation: -1.700476, 0.38710988, 4.0769005
