MutagenObjectType: PlacedObject
FormKey: 0010FB:VenpiCaveOverhaul.esm
Base: 029A58:Starfield.esm
Scale: 0.85999995
Position: 43.85492, 52.788933, -1.9463581
Rotation: 0.026993398, -0.07187361, 4.648779
