MutagenObjectType: PlacedObject
FormKey: 0010FE:VenpiCaveOverhaul.esm
Base: 266E63:Starfield.esm
Scale: 1.04
Position: 44.132454, 56.83193, -2.2051835
Rotation: 2.557758, -0.72443455, 0.066083625
