MutagenObjectType: PlacedObject
FormKey: 0010F4:VenpiCaveOverhaul.esm
Base: 266E65:Starfield.esm
Scale: 0.88
Position: 55.97577, 56.2761, -1.5146385
Rotation: -2.0483217, 0.68091625, 4.623994
