MutagenObjectType: PlacedObject
FormKey: 00104E:VenpiCaveOverhaul.esm
Base: 209096:Starfield.esm
Primitive:
  Bounds: 12.174939, 10.642211, 1.7775109
  Color: '#00CC4C33'
  Unknown: 0.3
  Type: Box
SourcePackIn: 0C694E:Starfield.esm
Layer: 2B3CB6:Starfield.esm
Position: 44.797115, 44.961594, -0.85273457
