MutagenObjectType: PlacedObject
FormKey: 00106E:VenpiCaveOverhaul.esm
Base: 0C70B2:Starfield.esm
Position: 39.773712, 26.340862, 2.9106061
Rotation: 1.2418189, -0.11990429, 0.007042704
