MutagenObjectType: PlacedObject
FormKey: 001073:VenpiCaveOverhaul.esm
Base: 0C70B2:Starfield.esm
Position: 57.72492, 41.819912, -0.3245213
Rotation: -0.36575606, 1.0358845, 5.9649
