MutagenObjectType: PlacedObject
FormKey: 0011AF:VenpiCaveOverhaul.esm
Base: 029A59:Starfield.esm
Scale: 1.04
Position: 58.38294, 68.33993, 3.0565436
Rotation: -0.08386946, 0.05574024, 1.5180436
