MutagenObjectType: PlacedObject
FormKey: 001196:VenpiCaveOverhaul.esm
Base: 266E64:Starfield.esm
Scale: 1.11
Position: 48.183945, 9.820854, 5.8230014
Rotation: 1.7161398, -1.1285781, 3.6990533
