MutagenObjectType: PlacedObject
FormKey: 00116F:VenpiCaveOverhaul.esm
Base: 019059:Starfield.esm
Position: 51.7302, 19.845394, 3.5143592
Rotation: 1.520735, 0.088299885, 3.0348158
