MutagenObjectType: PlacedObject
FormKey: 00117C:VenpiCaveOverhaul.esm
Base: 02EC69:Starfield.esm
Scale: 0.64
Position: 64.84315, 27.630718, 3.5222585
Rotation: -2.2728095, -0.44385427, 5.046418
