MutagenObjectType: PlacedObject
FormKey: 00112D:VenpiCaveOverhaul.esm
Base: 029A5B:Starfield.esm
Scale: 1.0699999
Position: 39.54534, 37.897243, -2
Rotation: 2.0891235, 0.75358343, 3.7968116
