MutagenObjectType: PlacedObject
FormKey: 0011A4:VenpiCaveOverhaul.esm
Base: 0139B1:Starfield.esm
Scale: 0.64
Position: 55.992588, 15.207239, 4.446811
Rotation: 0.2164927, 1.126053, 4.1249027
