MutagenObjectType: PlacedObject
FormKey: 0011E5:VenpiCaveOverhaul.esm
Base: 029A59:Starfield.esm
Scale: 1.05
Position: 9.575879, 73.24852, 6.9765625
Rotation: 0.067224056, 0.03329137, 3.2538178
