MutagenObjectType: PlacedObject
FormKey: 0011DA:VenpiCaveOverhaul.esm
Base: 01904D:Starfield.esm
Scale: 1.03
Position: 3.4419563, 69.36324, 6.2077165
Rotation: 0.51157624, 0.6613748, 4.3156805
