MutagenObjectType: PlacedObject
FormKey: 001109:VenpiCaveOverhaul.esm
Base: 029A59:Starfield.esm
Scale: 1.53
Position: 43.785164, 55.808826, -2.0257356
Rotation: -0.04208278, -0.022307407, 3.302865
