MutagenObjectType: PlacedObject
FormKey: 001123:VenpiCaveOverhaul.esm
Base: 266E63:Starfield.esm
Scale: 1.06
Position: 40.93714, 42.644947, -0.7109375
Rotation: 1.9519341, 0.44044107, 0.284417
