MutagenObjectType: PlacedObject
FormKey: 001170:VenpiCaveOverhaul.esm
Base: 01904D:Starfield.esm
Scale: 1.03
Position: 52.631092, 23.543089, 1.0237361
Rotation: 0.9429949, -0.283127, 5.992147
