MutagenObjectType: PlacedObject
FormKey: 0011C3:VenpiCaveOverhaul.esm
Base: 266E67:Starfield.esm
Scale: 0.87
Position: 33.01562, 95.197266, 5.020224
Rotation: 1.1773213, 0.08504429, 6.2627892
