MutagenObjectType: PlacedObject
FormKey: 0011EE:VenpiCaveOverhaul.esm
Base: 266E65:Starfield.esm
Scale: 1.09
Position: 0.5435663, 36.7649, 7.6755204
Rotation: -0.50992584, 0.3541365, 3.0217023
