MutagenObjectType: PlacedObject
FormKey: 00111C:VenpiCaveOverhaul.esm
Base: 0139AF:Starfield.esm
Scale: 0.64
Position: 40.471775, 45.25764, -1.1537762
Rotation: 1.1276228, -0.20266433, 3.0303977
