MutagenObjectType: PlacedObject
FormKey: 0011FE:VenpiCaveOverhaul.esm
Base: 266E63:Starfield.esm
Scale: 1.04
Position: 6.6783276, 26.819601, 8.527314
Rotation: -1.8619841, -0.067903906, 0.88624114
