MutagenObjectType: PlacedObject
FormKey: 0011B7:VenpiCaveOverhaul.esm
Base: 266E67:Starfield.esm
Scale: 1.1999999
Position: 33.287533, 90.39353, 6.479852
Rotation: 2.993656, 0.63047963, 2.5361273
