MutagenObjectType: PlacedObject
FormKey: 001119:VenpiCaveOverhaul.esm
Base: 266E66:Starfield.esm
Scale: 1.15
Position: 40.964066, 46.721867, -0.73982966
Rotation: -0.6481674, 0.46181354, 0.29104215
