MutagenObjectType: PlacedObject
FormKey: 0011C7:VenpiCaveOverhaul.esm
Base: 266E64:Starfield.esm
Scale: 0.94
Position: 39.0075, 96.87727, 4.4698496
Rotation: 0.94047326, 0.60954565, 4.5053163
