MutagenObjectType: PlacedObject
FormKey: 00114C:VenpiCaveOverhaul.esm
Base: 266E65:Starfield.esm
Scale: 0.88
Position: 41.773033, 29.025812, -0.41571298
Rotation: -3.0791326, 1.2048941, 3.4349828
