MutagenObjectType: PlacedObject
FormKey: 001125:VenpiCaveOverhaul.esm
Base: 266E65:Starfield.esm
Scale: 0.96999997
Position: 39.146114, 38.35884, -1.8017716
Rotation: 1.3188429, 0.79284364, 5.695029
