MutagenObjectType: PlacedObject
FormKey: 0011F6:VenpiCaveOverhaul.esm
Base: 019059:Starfield.esm
Position: 4.4063654, 33.493088, 7.6638074
Rotation: 0.9897236, 0.6326904, 3.2891285
