MutagenObjectType: PlacedObject
FormKey: 001152:VenpiCaveOverhaul.esm
Base: 019059:Starfield.esm
Scale: 1.03
Position: 43.707703, 28.973845, -1.1329118
Rotation: 0.06424357, -0.8053175, 0.91295826
