MutagenObjectType: PlacedObject
FormKey: 00116B:VenpiCaveOverhaul.esm
Base: 266E63:Starfield.esm
Scale: 1.1
Position: 54.647602, 23.1058, 2.0777948
Rotation: -2.369631, -0.69605225, 1.1384414
