MutagenObjectType: PlacedObject
FormKey: 00117F:VenpiCaveOverhaul.esm
Base: 266E63:Starfield.esm
Scale: 1.17
Position: 74.308426, 25.167469, 5.2275786
Rotation: -0.96555835, 0.49959445, 0.57786506
