MutagenObjectType: PlacedObject
FormKey: 0011FC:VenpiCaveOverhaul.esm
Base: 266E65:Starfield.esm
Scale: 0.97999996
Position: 6.539136, 26.486511, 8.575106
Rotation: -1.2355362, 0.22314961, 5.669915
