MutagenObjectType: PlacedObject
FormKey: 00111E:VenpiCaveOverhaul.esm
Base: 029A57:Starfield.esm
Scale: 0.89
Position: 40.29388, 39.476585, -1.7109375
Rotation: 2.9055042, -0.21778433, 3.0659468
