MutagenObjectType: PlacedObject
FormKey: 00111B:VenpiCaveOverhaul.esm
Base: 02EC69:Starfield.esm
Scale: 0.96
Position: 39.759056, 48.491764, -1.32676
Rotation: 1.3969057, 0.13038982, 1.6689174
