MutagenObjectType: PlacedObject
FormKey: 001116:VenpiCaveOverhaul.esm
Base: 266E66:Starfield.esm
Scale: 1.1899999
Position: 36.59862, 46.129047, -0.6327186
Rotation: 0.6275978, -1.1924304, 4.2936325
