MutagenObjectType: PlacedObject
FormKey: 001127:VenpiCaveOverhaul.esm
Base: 266E65:Starfield.esm
Scale: 0.91999996
Position: 41.51343, 34.507404, -1.967825
Rotation: -1.9743735, 0.26906928, 1.6481726
