MutagenObjectType: PlacedObject
FormKey: 00110D:VenpiCaveOverhaul.esm
Base: 019048:Starfield.esm
Scale: 1.75
Position: 50.065845, 54.2919, -1.6976022
Rotation: -0.06786772, -0.6266922, 1.3241006
