MutagenObjectType: PlacedObject
FormKey: 0012E1:VenpiCaveOverhaul.esm
Base: 06F74B:Starfield.esm
Layer: 133227:Starfield.esm
Position: 43.420975, 59.564186, 4.920928
Rotation: 0.3416077, -1.3274649, 3.7485225
