MutagenObjectType: PlacedObject
FormKey: 001251:VenpiCaveOverhaul.esm
Base: 23CF65:Starfield.esm
Layer: 133227:Starfield.esm
Position: 28.499233, 96.86273, 4.7159414
