MutagenObjectType: PlacedObject
FormKey: 001206:VenpiCaveOverhaul.esm
Base: 029A58:Starfield.esm
Scale: 0.83
Position: 2.6366615, 26.802969, 8.471271
Rotation: -0.039626867, 0.028433904, 1.9843093
