MutagenObjectType: PlacedObject
FormKey: 001219:VenpiCaveOverhaul.esm
Base: 2DDDF0:Starfield.esm
Position: 36.977547, 26.75445, 1.9469702
Rotation: 2.4246337, -0.5086346, 4.712389
