MutagenObjectType: PlacedObject
FormKey: 001202:VenpiCaveOverhaul.esm
Base: 029A59:Starfield.esm
Scale: 1.1999999
Position: 3.734455, 28.087017, 8.388499
Rotation: 0.06452093, 0.15644404, 2.408197
