MutagenObjectType: PlacedObject
FormKey: 00127F:VenpiCaveOverhaul.esm
Base: 1A31B6:Starfield.esm
SourcePackIn: 1A3100:Starfield.esm
Layer: 133227:Starfield.esm
Scale: 0.88
Position: 82.72557, 56.49108, 5.2922897
Rotation: 0.14545004, -0.07234241, 6.22174
