MutagenObjectType: PlacedObject
FormKey: 0012A7:VenpiCaveOverhaul.esm
Base: 23CF65:Starfield.esm
SourcePackIn: 1A310C:Starfield.esm
Layer: 133227:Starfield.esm
Scale: 1.0699999
Position: 57.179527, 75.544525, 4.7294617
Rotation: 0, -0, 6.0567474
