MutagenObjectType: PlacedObject
FormKey: 00120C:VenpiCaveOverhaul.esm
Base: 0F3D3C:Starfield.esm
Position: 27.683853, 50.45105, -0.6853221
Rotation: 0, -0, 1.2707965
