MutagenObjectType: PlacedObject
FormKey: 001264:VenpiCaveOverhaul.esm
Base: 23CF68:Starfield.esm
Layer: 133227:Starfield.esm
Position: 81.090515, 22.000034, 5.2928133
