MutagenObjectType: PlacedObject
FormKey: 001284:VenpiCaveOverhaul.esm
Base: 00B423:Starfield.esm
SourcePackIn: 02B136:Starfield.esm
Layer: 133227:Starfield.esm
Position: 82.54993, 39.498337, 6.6829686
Rotation: -0.11081327, -0.13356076, 2.9005644
