MutagenObjectType: PlacedObject
FormKey: 001227:VenpiCaveOverhaul.esm
Base: 1CC4A3:Starfield.esm
Position: 28.849339, 41.601383, 2.4452534
