MutagenObjectType: PlacedObject
FormKey: 001267:VenpiCaveOverhaul.esm
Base: 23CF65:Starfield.esm
Layer: 133227:Starfield.esm
Position: 96.38704, 58.811935, 3.884079
Rotation: 0.029987065, -0, 4.712389
