MutagenObjectType: PlacedObject
FormKey: 0012DE:VenpiCaveOverhaul.esm
Base: 029B3B:Starfield.esm
SourcePackIn: 1A0819:Starfield.esm
Layer: 133227:Starfield.esm
Scale: 0.65
Position: 44.36744, 58.01982, 6.0131135
Rotation: -0.11933291, -0.064984284, 4.712389
