MutagenObjectType: PlacedObject
FormKey: 0012D7:VenpiCaveOverhaul.esm
Base: 029AC9:Starfield.esm
SourcePackIn: 02B039:Starfield.esm
Layer: 133227:Starfield.esm
Scale: 1.25
Position: 36.820637, 52.41586, 6.705446
Rotation: -0.032720488, -0.14406627, 0.0046992577
