MutagenObjectType: PlacedObject
FormKey: 00120D:VenpiCaveOverhaul.esm
Base: 0F3D3C:Starfield.esm
Position: 28.768696, 44.483418, 1.2050824
Rotation: 0, -0, 2.0707965
