FormKey: 2F4179:Starfield.esm
MajorRecordFlagsRaw: 512
EditorID: GPPIPCMManMade_FluidStorageMediumB02
FormVersion: 582
Version2: 1
StarfieldMajorRecordFlags:
- 0x200
ObjectBounds:
  First: -4.2142797, -4.7629657, -1.5821042
  Second: 3.9775906, 3.9451127, 35.278564
ObjectPaletteDefaults:
  FootprintSize: Large
  ScalePercent: 1
  AngleZVariance: 180.00006
  SlopePercent: 1
  Density: 1
  FrequencyPercent: 0.01
  SlopeLimit: 15.000006
  DistanceAboveWater: 3.4028235E+38
Components:
- MutagenObjectType: LodOwnerComponent
  REFL: 0x4245544808000000040000000B000000535452540C0100004247534C6F644F776E6572436F6D706F6E656E740053657474696E677354656D706C617465004D6573684C4F4444697374616E63654F7665727269646500456E61626C6564004261736544697374616E6365004F766572726964654D6573684C4F4444697374616E636500436F6E666967757261626C654C4F44446174613C332C20333E004D6573684F7665727269646573004F766572726964654C6576656C436F756E7400446573697265644C4F444C6576656C436F756E74004D6573684C4F447300436F6E666967757261626C654C4F44446174613C342C20343E0044697374616E744C4F4473004C4F444D6573684F7665727269646573004D65736846696C654F7665727269646500545950450400000005000000434C41533C000000C400000000000000000004003E00000010FFFFFF080001008500000003FFFFFF180020009300000010FFFFFF38000100A60000000DFFFFFF3C000400434C4153240000002600000000000000000002003E00000010FFFFFF080001004600000011FFFFFF0C000400434C41533C0000000000000000000000000004001500000002FFFFFF48000800530000002600000050001000BB0000006B00000060003800DE000000C400000098004000434C41533C0000006B00000000000000000004003E00000010FFFFFF080001008500000003FFFFFF180018009300000010FFFFFF30000100A60000000DFFFFFF34000400434C415318000000EA0000000000000000000100FB00000002FFFFFF000008004F424A5421000000000000000A0052656D657368696E670000000020420000030000000100040000004C49535411000000EA000000030000000100000100000100004C49535414000000EA00000004000000010000010000010000010000
ObjectPlacementDefaults2:
  FootprintSize: Large
  ScalePercent: 1
  AngleZVariance: 180.00006
  SlopePercent: 1
  Density: 1
  FrequencyPercent: 0.01
  SlopeLimit: 15.000006
  DistanceAboveWater: 3.4028235E+38
Cell: 22B7A8:Starfield.esm
Version: 0
FNAM: 0x0C000000
Keywords:
- 000A5E:Venworks-EncountersOverhaul.esm
MaterialSwaps: []
MajorFlags:
- Prefab
