FormKey: 000976:Venworks-EncountersOverhaul.esm
EditorID: SM_SceneMarkersAndTriggers_Clutter
FormVersion: 582
ObjectBounds:
  First: -3.1636806, -3.1636806, 24.953753
  Second: 3.2792606, 3.2792606, 35.278564
Cell: 00095F:Venworks-EncountersOverhaul.esm
Version: 0
FNAM: 0x00000000
MaterialSwaps: []
